"URL","Usuario","Info","Fecha","Reseña"
"https://lh3.googleusercontent.com/a-/ALV-UjXWbOzgjeBA6L5L_xE9xoM5Hy26lJxioKleSizYm7xns9hS4Lc=w45-h45-p-rp-mo-ba4-br100","luis carnero","Local Guide · 80 reseñas · 288 fotos","Hace 3 años","El metro funciona bastante bien!! Tiene gran variedad de servicios y líneas que te llevan a cualquier punto de madrid. Tanto los metros como las instalaciones se encuentran bastante limpios. El precio es realmente caro!! Puedes llegar a pagar 7,5 euros por un viaje! El personal del metro es bastante amable"
"https://lh3.googleusercontent.com/a-/ALV-UjVhZt9ga4Vx3eAvPAC85DxXeC02Lc6jEiEf1-uADH5qK-UXdzFFdg=w45-h45-p-rp-mo-ba7-br100","Elba Pazos","Local Guide · 824 reseñas · 9.747 fotos","Hace 4 años","Metro de Madrid sólo se puede calificar como el mejor del mundo. En puntualidad, en eficiencia, en mantenimiento, en su personal, en fin, en todo!!"
"https://lh3.googleusercontent.com/a-/ALV-UjXnX-gPB5GjqCSx4Y1u-IVcy1e_rRWclqoPwHGHkHHKb3vuvYwTzw=w45-h45-p-rp-mo-ba6-br100","B Gp","Local Guide · 599 reseñas · 2.556 fotos","Hace un año","Zona de bastante ambiente y variedad de sitios donde ir."
"https://lh3.googleusercontent.com/a-/ALV-UjU78Nv71j1X-9UjUTBLAYQrVPMuQMRHFWUYhR8QdLzEo4swbL3uHw=w45-h45-p-rp-mo-ba4-br100","Muna Sharp","Local Guide · 232 reseñas","Hace 6 meses","Quiero llegar a la estación y saber x dnd salir pero las indicaciones del metro son calles y lo que me dice Maps es sal por carretera 104 dirección norte y si vas con el tiempo justo pierdes un tiempo precioso. Estoy harta de tener q salir 15 minutos antes de mi casa x esto. Quiero saber x dnd tengo q salir , siempre. No estar averiguando."
"https://lh3.googleusercontent.com/a-/ALV-UjVHBs_XYqO4yYoo9DDITDrJvQr4U7I2XCamjIGggyI1Y6-RaXGW5A=w45-h45-p-rp-mo-ba5-br100","Ofelia Brito","Local Guide · 212 reseñas · 1.654 fotos","Hace 6 años","Goya es una enorme estación con muchas salidas, por lo que a veces es difícil saber cuál es la que te viene mejor. Tiene ascensor. Da al Corte Inglés. Está ubicada en el señorial Barrio de Salamanca"
"https://lh3.googleusercontent.com/a-/ALV-UjXxbyy85OMdNdx7LgvquXa8hiwsQEuBBRgXE57KBah6uAroOWPb=w45-h45-p-rp-mo-ba3-br100","Eddy Garcia","Local Guide · 12 reseñas · 18 fotos","Hace 10 meses","Muy bonito y limpio"
"https://lh3.googleusercontent.com/a-/ALV-UjVPlI3_WxZ-JbiFDSG6A1n_aKR_BFRpvuYb0hLgejNuccGQun5Z=w45-h45-p-rp-mo-ba8-br100","José Julio Melgares","Local Guide · 2.806 reseñas · 12.351 fotos","Hace 7 años","En el corazón comercial del barrio de Salamanca y cerca del Palacio de Deportes. Tiene ascensores."
"https://lh3.googleusercontent.com/a-/ALV-UjVP4nEx73Rf3yQ0Zb9bcxvvbYa4Qy9kTc7U0IjB_kubysAJpQmP=w45-h45-p-rp-mo-ba4-br100","María Fernández","Local Guide · 58 reseñas · 121 fotos","Hace 7 años","Hay un montón de salidas y a veces es difícil saber cuál te conviene. Mi foto es la salida de Conde Peñalver pares. Hay una entrada directa al corte inglés y varios ascensores."
"https://lh3.googleusercontent.com/a-/ALV-UjVrAQjJZbuXMk5DFt1DrVY6mFaGPEMFVUe5InlxuJJTDAbQXCCf=w45-h45-p-rp-mo-ba4-br100","Mari vegas","Local Guide · 117 reseñas · 11 fotos","Hace 9 meses","Saliendo del metro goya a 5.minutos esta el famoso wizink center donde se han presentado muchísimas artist's,  también hay gran variedad de restaurantes y bares ,yo fui a ver al melendi y estuvo increíble la verdad que gran con ierto y la entrada y salida estuvo muy bien organizado ."
"https://lh3.googleusercontent.com/a/ACg8ocIo6ZDr__OZx2qsenD5qhbEtf9YOQ1jNdEqqtWmsoZClDRozFY=w45-h45-p-rp-mo-br100","Francisco Blanco Burgos","4 reseñas","Hace un año","Cada día el servicio va a peor… por favor contraten revisores con más tacto y ética. Parece que se les olvida que los ciudadanos que usamos el transporte público fomentamos que sigan trabajando."
"https://lh3.googleusercontent.com/a-/ALV-UjW5ljXwGeSf-4KxMZfU4nGA6DEHDVoTKIE5sAmOInBaSDlyDiM=w45-h45-p-rp-mo-ba6-br100","VRKO","Local Guide · 287 reseñas · 506 fotos","Hace 2 años","Es como si estás en metro Madrid iwal. 🙃🙂😉…"
"https://lh3.googleusercontent.com/a-/ALV-UjXxRMaK_514vRo-kx_Wa3SlRbzCSPrh4l64vXiD-pjqcbLrmF84=w45-h45-p-rp-mo-ba4-br100","Andrea","Local Guide · 156 reseñas · 50 fotos","Hace un año","Estación de metro con diferentes accesos y salidas, con buenas indicaciones, cosa que se agradece siendo una zona bastante transitada. Justo enfrente se encuentra ECI y el WiZink."
"https://lh3.googleusercontent.com/a/ACg8ocJi9UHt_DXwuylwIBYrEYh--lzm8v7GYUUzQXJEth4sOMAMkw=w45-h45-p-rp-mo-ba3-br100","Sara Lozano","Local Guide · 40 reseñas · 70 fotos","Hace 4 años","Estoy en el maravilloso metro de Madrid ,un día más.Es el único transporte que uso últimamente,hace un año que no tengo vacaciones. Me monto en el metro cada día e imagino historias con los viandantes que van y vienen con sus prisas ,sus agobios ,sus calores ,sus olores y sus ojeras.Es todo un reto y cuando me quiero dar cuenta ¡Huy que me pasó ,ya estoy en mi estación! Lo peor las huelgas y los apretones"
"https://lh3.googleusercontent.com/a-/ALV-UjWzblVqaRNmVRZy7VBAiDE_T0ZAqJ6D08ws2wqDx56tN-2Uyqj7=w45-h45-p-rp-mo-ba5-br100","Guillermo Musica _","Local Guide · 286 reseñas · 228 fotos","Hace 5 meses","Mi abuela se llama asi, adjunto evidencia"
"https://lh3.googleusercontent.com/a/ACg8ocI-vRgEw9tk1bm2Byzo2pVD47Ke06peS5Xq_CJLlRhldp__Pr8=w45-h45-p-rp-mo-ba8-br100","KARLOS OJANGUREN","Local Guide · 1.808 reseñas · 14.306 fotos","Hace 5 años","Una de las formas mas rápidas y cómodas de desplazarse por la ciudad."
"https://lh3.googleusercontent.com/a-/ALV-UjXIwOPjHM4UVKC-bsJ23I-5VaJ74ECOfUrZc2nT4VCXmzNWxBd4Cw=w45-h45-p-rp-mo-ba4-br100","Barbara PATIÑO","Local Guide · 162 reseñas · 75 fotos","Hace 5 años","A mi me gusta en general el metro de Madrid. Es una telaraña que cubre casi toda la ciudad. Hay muchos trasbordos. Podría mejorar la limpieza y sobre todo sería muy bueno e imprescindible que trabajará 24 horas. Es necesario y se generarían puestos de trabajo."
"https://lh3.googleusercontent.com/a/ACg8ocI0VXoBFXMkJhd88cqOOSmx3LNl5G3EjHWtJ_J5mTzq1Bvj2A=w45-h45-p-rp-mo-ba4-br100","Maida Iglesias","Local Guide · 61 reseñas · 591 fotos","Hace 4 años","Rápido, conecta cualquier punto de la ciudad en pocos minutos. Limpio y bastante seguro. El ""bastante seguro"" lo comento porque abundan los ladrones de carteras y celulares, es habitual que esto pase, así que mucho cuidado con tus pertenencias!!"
"https://lh3.googleusercontent.com/a/ACg8ocJLTMQw55bTeUxdek9lIeyDaOMz8wcYdOKRuJP0zQfYbqeP9A=w45-h45-p-rp-mo-ba2-br100","Carmen Gomz","Local Guide · 7 reseñas · 28 fotos","Hace 5 años","Me parece fatal que no puedas comprar un billete un viaje. Señores para el usuario habitual es estupendo ,para grupos bien. Si solo voy un dia a Madrid y no vuelvo en un año . Que hago con el resto de viajes. """"No caduca""""?. Si. Cuando suban las tarifas. X lo demas dos estrellas . Los empleados los que aguantan las quejas un 10"
"https://lh3.googleusercontent.com/a-/ALV-UjU5raPzyO1-IMVzdCMndg9x8R04EdUbXqNoaRR9HoQCrSlI8pg=w45-h45-p-rp-mo-ba6-br100","Isabel Cecilia Gonzalez Molina","Local Guide · 330 reseñas · 5.921 fotos","Hace 5 años","El metro de Madrid es bastante cómodo y organizado.  A veces cuesta conseguir escaleras mecánicas o ascensores que se necesitan cuando por ejemplo se llevan maletas. En general buena experiencia."
"https://lh3.googleusercontent.com/a/ACg8ocI4Rq-agBeXqZi0pwR9oJy2swiBkiDVWrdnYYaB1yTQQ8QZ9g=w45-h45-p-rp-mo-br100","Maria Jimenez","154 reseñas · 3 fotos","Hace 4 años","Muy bien cómo siempre, es una infraestructura muy compleja, con muchísimos ramales que requiere mucho personal cualificado en todos los ámbitos y departamentos tan variados como tiene Metro de Madrid, lo peor del metro, muchas veces... son los viajeros, hay algunos que no respetan a los demás, con música fuerte en los móviles, sin asearse, armando broncas, etc., pero de eso no tiene culpa Metro de Madrid, yo siempre fui tratada por su personal muy bien y cogí el metro mucho , más de 60 años, por estudios, por trabajo, ya me jubilé y añoro un poco como era antes, (más entrañable, ahora es más frío todo) bueno la calefacción funciona muy bien, jaja una nota de humor."
"https://lh3.googleusercontent.com/a-/ALV-UjWgSmYTTWgD5sacMeA0n6fjzI5VyBDHv0pg240UuJQquiwDmTaOZA=w45-h45-p-rp-mo-ba6-br100","Alicia García Ramírez","Local Guide · 367 reseñas · 595 fotos","Hace un año","Estación de metro de Madrid. Confluyen la linea 2 roja y la 4 marrón. Es bonita y original, los andenes son una pequeña exposición de grabados de Goya. Ojalá todas las estaciones del metro se usaran para cosas parecidas , dedicadas al nombre de la propia estación."
"https://lh3.googleusercontent.com/a/ACg8ocLJgGTZUAc_SwY-CAqn4PjZqPjCivmoiP72hBTYOaPP_fS2BA=w45-h45-p-rp-mo-ba4-br100","Damien B.","Local Guide · 131 reseñas · 103 fotos","Hace 5 años","Era uno de los mejores metros del mundo... Pero ahora muchos fallos, trenes saturados, huelgas, problemas de limpieza, ... Se notan 10 años sin inversión. Ninguna linea automatizada... La Comunidad de Madrid no consigue mantener el metro construido gracias a los fondos de la UE."
"https://lh3.googleusercontent.com/a-/ALV-UjXO9ugZGmxnfMMpfy8CAXjDXXo0E1YiW0qcCp3-oEcEzjPajLoN=w45-h45-p-rp-mo-ba5-br100","Chloe y Lucas","Local Guide · 175 reseñas · 555 fotos","Hace 6 años","Muy limpia y bien cuidada. Será justamente por el barrio q está situado. Por lo demás pues tiene acceso para sillas de rueda q es mucho ya para otras estaciones."
"https://lh3.googleusercontent.com/a-/ALV-UjVeNdVhEXw--jjDyAvqsGIu5CUHQrNbIjC4Q1-MT1qw1tzSwP_yvw=w45-h45-p-rp-mo-ba4-br100","Pedro","Local Guide · 56 reseñas · 253 fotos","Hace 6 años","Medio de transporte rápido y relativamente cómodo de Madrid. Pros: extensa red, alta frecuencia de trenes en horas punta, máximo estándar en limpieza y seguridad Contras: precio algo caro para el nivel adquisitivo de un español, esquema de red muy fragmentado en 3 metros ligeros y metro par Aeropuerto. No hay posibilidad de un bono mensual o anual de solo metro."
"https://lh3.googleusercontent.com/a-/ALV-UjUXwe8CU4n2a1LxDgdPx2IY0BT_IxxvLPZmP77I2twK4n2yYPzpBw=w45-h45-p-rp-mo-ba3-br100","Ciberpuyol","Local Guide · 63 reseñas · 5 fotos","Hace 5 años","Muy disgustado con el comportamiento de la gente responsable del Metro de Madrid. Hemos sacado un bono de 10 viajes y al segundo viaje se ha gastado... No sólo no nos han ayudado sino que nos han tratado como a delincuentes, exigiéndonos sacar un segundo bono porque sino nos denunciaba el señor responsable de los controles de ticket. No le doy cero estrellas porque no se puede."
"https://lh3.googleusercontent.com/a/ACg8ocL8jKEa-m8ZAPNljDsMm9YMyX7Ahul747psSmLs_frRoQq-sQ=w45-h45-p-rp-mo-ba3-br100","marielo ros","Local Guide · 70 reseñas · 4 fotos","Hace 5 años","Cada dos por tres están averiadas las escaleras... Este verano tardaban entre metro y metro hasta 12 minutos... Si por ser verano disminuyen el servicio... Pq no disminuyen el precio?? Un desastre!! Metro de Madrid vuela???? Vuela a la desesperación de un servicio nefasto.."
"https://lh3.googleusercontent.com/a/ACg8ocIFb7pBzyBJVWp68-Cbqrd8FwmseW2urfP-YAtymgfx8uv8CA=w45-h45-p-rp-mo-ba4-br100","Khris Esteban","Local Guide · 106 reseñas · 1 foto","Hace 5 años","La forma mas rápida de moverse por Madrid. Creo que red uno de los mejores metro del mundo por su limpieza,  comodidad, rapidez, etc. Tienes multitud de combinaciones y con una extensa red de líneas, con el metro puedes moverte por todo Madrid e incluso alrededores, llega a casi todos loas puntos y enlaza con autobuses y Renfe. Lo recomiendo"
"https://lh3.googleusercontent.com/a-/ALV-UjVLkYnsJimVWNqTmYdVpc192c1ickl6vqurP4uo5o36cNsw3cQ12g=w45-h45-p-rp-mo-ba5-br100","Veronica Luque","Local Guide · 318 reseñas · 184 fotos","Hace 5 años","El metro es lo más, llegas volando a cualquier parte, sin atascos, súper rápido, súper bien señalizado, súper moderno con aire acondicionado y casi llega a todos los rincones, cada día más extenso. Lo peor del Metro? Lo caro que es, las horas punta, la ausencia de Wi-Fi, la suciedad... En fin mejor me quedo con las cosas buenas."
"https://lh3.googleusercontent.com/a-/ALV-UjVS53EVVO5tuShqcpXegYHUf_4dxuBNVnBnXwdSFxtmdS-B1pKZyg=w45-h45-p-rp-mo-ba6-br100","Oscar Mendez","Local Guide · 620 reseñas · 1.872 fotos","Hace 4 años","Rapido, limpio (si no fuera por algun indeseable) y casi siempre con buenas frecuencias entre trenes, a las horas que lo cojo yo no suele estar masificado, por poner alguna pega falta algun ascensor en alguna estación con poblacion mayor, como en el barrio de moratalaz, vinateros por ejemplo donde el ultimo tramo es de piedra imposible para personas mayores."
"https://lh3.googleusercontent.com/a/ACg8ocKX8HF4dOH_P4qt5grU-HrFV_gM4vhbhefFGz0sc1FB3PHvLg=w45-h45-p-rp-mo-ba6-br100","Jose Luis Velasco","Local Guide · 391 reseñas · 36 fotos","Hace 4 años","Me parece que lo utilizo menos de lo que debiera. Y ceeo que es un magnifico medio urbano de locomoción. Me gustan mucho como estan reformandose las estaciones y el buen estado de los vagones. I think I use it less than I should.  And I think it is a magnificent urban environment of locomotion.  I really like how the stations are being reformed and the good condition of the wagons."
"https://lh3.googleusercontent.com/a-/ALV-UjV0nxexdH4QqtnpHxBcWxllTLuamb_kVwQzX-deHaI6f7oqHxQR=w45-h45-p-rp-mo-ba4-br100","Noemí Rodriguez Moneo","Local Guide · 119 reseñas · 171 fotos","Hace 5 años","Cada vez va peor... El precio del abono demasiado caro. Cada mes hay huelgas que afectan a los usuarios de metro y, aunque están en su derecho, los usuarios no somos culpables ni merecemos este trato. Muchas veces se quede parado entre dos estaciones y por megafonía dicen que es un problema de tráfico. ¿No hay nadie que lo regule?"
"https://lh3.googleusercontent.com/a-/ALV-UjVBMc8RU-elF3927UAYTDplb0UnMsXK7CoMn9xWno1kAkRZqgYO=w45-h45-p-rp-mo-ba4-br100","Paco P","Local Guide · 92 reseñas · 12 fotos","Hace 5 años","Antiguo, falta de limpieza. No comprendo como pasando la Línea 1 por Atocha renfe paso principal de Madrid. Siga con esos trenes viejos. Que imagen se lleva las personas que llegan y lo ven?."
"https://lh3.googleusercontent.com/a-/ALV-UjXmJ4VNgFp_7Kn-rLrdHPUA7z5meoAFb_pF7clNe5VStCUXXqs=w45-h45-p-rp-mo-ba5-br100","Alberto P","Local Guide · 351 reseñas · 453 fotos","Hace 5 años","Pros: amplia red Contras: si no estoy equivocado, todavía es una empresa pública, perteneciente a la comunidad de Madrid que resulta caro no , carísimo. Con un lío de billetes y cambios  tarifarios tremendos. En algunas ocasiones, haciendo cuentas, es mejor coger tu coche, que hacer un viaje en el metro. Eso es lo peor que puedes decir de un transporte público........"
"https://lh3.googleusercontent.com/a/ACg8ocJLHVL6v8AiWoTKK2LkibWvc4ND3H74qE68jkF25WdTpufYaA=w45-h45-p-rp-mo-br100","Ignacio Avila","4 reseñas","Hace 4 años","No está bien adaptado para gente alta, te das con el techo de ciertas partes si mides más de 1 metro 90 centímetros"
"https://lh3.googleusercontent.com/a-/ALV-UjWdHHsNJY6gK29-GQ0zwZ07vfcKpUvKkC-5AP0UFMiz9AKLaUHG=w45-h45-p-rp-mo-ba3-br100","Luis Miguel Estévez","Local Guide · 65 reseñas · 2 fotos","Hace 3 años","Muy lento, personal despreocupado por la perdida de objetos personales. No hay mucha seguridad, muchos carteristas, averías cada dos por tres... Servicio sucio y anticuado, en algunas estaciones no hay cobertura. Deberían de poner servicios y dejar que la gente ponga negocios como en Alemania!"
"https://lh3.googleusercontent.com/a-/ALV-UjU7EqmbJpTifj0XFQjdFkWFLScMxfv7tdtcLBM6MXYJ8XIlW-X2JQ=w45-h45-p-rp-mo-ba7-br100","Cris Sánchez De Paz","Local Guide · 2.139 reseñas · 2.033 fotos","Hace 7 meses","La estación esta muy limpia"
"https://lh3.googleusercontent.com/a/ACg8ocKnKEbxHPyO8ZfDi-mSOVV06ihDN8x9lYibkkZVxSwbr4R72A=w45-h45-p-rp-mo-br100","Lio Bordon","4 reseñas","Hace 7 años","Comoarandolo con otros metros de otros lugares del mundo la comunidad de Madrid tiene muy Buenos trenes,  pero la freciencia es deprimente, si no viajas en horas pico,  puedes esperar hasta 20 minutos de espera en lineas como la 6, la 9, y otras, no tienen un horario que respeten,la organizacion deja mucho que desear.  Si tienes que convinar mas de 2 lineas de metro y no viajas en horas pico, tomate tu tiempo y espera y espera....si vas caminando llegas antes, es una verguenza. Barcelona,  tiene mejor frecuencia.  Lo unico bueno es la calidad de los trenes,  pero si crees que es un transporte rapido, en Madrid lo llevas claro."
"https://lh3.googleusercontent.com/a-/ALV-UjUX7FpFp9D-2meXI4oITjPv5AeIW6RKAhGPBTPxCn5bMvFFra_Y=w45-h45-p-rp-mo-ba5-br100","Alegria Mis","Local Guide · 105 reseñas · 92 fotos","Hace 10 meses","Hay mucha vida en este barrio, con muchos comercios y El Corte Inglés"
"https://lh3.googleusercontent.com/a-/ALV-UjXvM7G0sJzHwPuI-CSS9v_1NtxL9YxFtuBd6cXN3oJ1IKshpDE=w45-h45-p-rp-mo-ba5-br100","Elena Compadre","Local Guide · 184 reseñas · 478 fotos","Hace 4 años","Uno de los mejores metros del mundo. Fácil de utilizar, seguro, económico, con amplio horario de apertura. Lo malo es que las líneas mas antiguas tienen barreras arquitectónicas."
"https://lh3.googleusercontent.com/a-/ALV-UjXDj376v4aTt062wQWAYx3i4OQNQSclydahqSM5xdBJ5IlWEi2K=w45-h45-p-rp-mo-ba4-br100","Antonio Perales","Local Guide · 46 reseñas · 177 fotos","Hace 2 años","Limpieza atención es asta galería ay obras de golla y su historia y lo más importante seguridad de su personal excelente Viva España y Viva El metro"
"https://lh3.googleusercontent.com/a-/ALV-UjWdX3tAK1ZJlSEdh8h8NGSBOAWGhVcUa-CtxrL2cSRL-XqgIQzj=w45-h45-p-rp-mo-ba8-br100","Ma Ca","Local Guide · 1.249 reseñas · 21.869 fotos","Hace 5 años","Estación de metro que pertenece a las líneas 2 y 4. Dispone de cobertura móvil y ascensores. Suele estar siempre transitada de gente. Tiene varias salidas a la calle."
"https://lh3.googleusercontent.com/a-/ALV-UjUpqvZJUNh-1c3f1xFbiSLcKjDV71s9mG4y8oFNFIY0GqFNki2C=w45-h45-p-rp-mo-ba5-br100","Irma D ́meo","Local Guide · 83 reseñas · 429 fotos","Hace 4 años","Es innegable que están intentando hacer bien las cosas... Todo depende del civismo de cada uno de los viajeros. Quiero creer que haremos lo posible, por respetar las indicaciones."
"https://lh3.googleusercontent.com/a-/ALV-UjWyZaupLKUQMlAB_CoHumBFm7pdWU3V9uB0Dp7vOKfZGrK-iWvc6Q=w45-h45-p-rp-mo-ba8-br100","ANTONIO CRUZ SANCHEZ","Local Guide · 3.643 reseñas · 8.897 fotos","Hace 7 meses","Parada de metro complicada, con un montón de salidas, además de dos líneas en ella"
"https://lh3.googleusercontent.com/a-/ALV-UjVMA8VNGVLIuCICv1wCSGjHVemiTkVpKBznvqzgZOf-m5P7XxHk=w45-h45-p-rp-mo-ba6-br100","Onelia Greatty","Local Guide · 349 reseñas · 2.650 fotos","Hace 5 años","En comparación con otros metros del mundo podría mejorar un poco algunos vagones. Por otro lado siempre está disponible y es un método de transporte muy importante por su grado de extensión en la ciudad."
"https://lh3.googleusercontent.com/a-/ALV-UjUqA_Cf9EGirZ4YArJKpudkilg4XAwczbanydntmIxyYQcyiRISBA=w45-h45-p-rp-mo-ba6-br100","Raúl Panicello","Local Guide · 653 reseñas · 451 fotos","Hace 2 años","Estación con encanto, se nota que es de las antiguas, tiene algunas fotos en el anden"
"https://lh3.googleusercontent.com/a-/ALV-UjUD5Poo7R3yq2RPx89fQJ2SCfhtPi7qc6GXe0FpPDGicAMYuDGEVw=w45-h45-p-rp-mo-ba6-br100","Julio MM","Local Guide · 718 reseñas · 2.250 fotos","Hace 8 años","La estación de Goya tiene varias salidas y puede resultar confuso, salida directamente al Corte Inglés, a Peñalver, a Pardiñas..... es fácil equivocarte de salida y confundirte en los cruces de calle de Goya y Alcalá, todavía no le he pillado el tranquillo."
"https://lh3.googleusercontent.com/a-/ALV-UjVVuR5NEe4ZBPSlK9PYJckuV384IxgebJK0EqJUXNNfFkNmuulNWQ=w45-h45-p-rp-mo-ba6-br100","Angel Leonardo Rosillo Sierra","Local Guide · 632 reseñas · 2.156 fotos","Hace 6 años","La estación toma su nombre del pintor español de los siglos XVIII–XIX Francisco de Goya.Es la primera estación de la cuarta ampliación del Metro de Madrid. Inaugurada en 1932 como ramificación de la línea 2, constaba de tres estaciones: Goya, Lista y Diego de León, que en 1958 se unieron a un tramo construido catorce años antes, el de Velázquez - Argüelles: así nació la actual línea 4. El intenso color amarillo de los andenes contrasta con una cenefa blanca que contiene ochenta estampas del genial artista aragonés. Son grabados de las series Los Caprichos y Tauromaquia. La estación da acceso al corazón del barrio de Salamanca. La confluencia de la calle que le da nombre con la de Alcalá dibuja una pujante esquina comercial favorecida por el espacio peatonalizado de la Avenida Felipe II, que conduce al cercano Palacio de los Deportes de la Comunidad de Madrid y a la Casa de la Moneda. Merece la pena acercarse a la pequeña Plaza de Dalí, diseñada por el genio de Figueras. Ha sido reformada recientemente con la colocación de paneles de vitrex amarillos y la instalación de ascensores."
"https://lh3.googleusercontent.com/a-/ALV-UjWF8EaSqxNFiB_0Akjk7A95vvaOcoDaAtx8BLO2r1589Au5GBY=w45-h45-p-rp-mo-ba5-br100","Manuel Mendoza diaz","Local Guide · 176 reseñas · 253 fotos","Hace 6 años","Estación de metro de Madrid. Yo siempre prefiero las que tienen mas lineas. Nombre del pintor Español Francisco de Goya, uno de los mas importantes del arte. Con ascensor."
"https://lh3.googleusercontent.com/a-/ALV-UjXLfn_FvGm7MLr8OAIns6bvOmMq3ffPE7yazf4j_siCXFeAExbx=w45-h45-p-rp-mo-br100","David Garcia","326 reseñas","Hace 2 años","Para estar en el centro, en el siglo XXI un ascensor hasta la superficie..."
"https://lh3.googleusercontent.com/a/ACg8ocIVhtBhBT6BhHL4ti2SRkCD2oldW8LV2ACCSl6CE1n-q7uucg=w45-h45-p-rp-mo-ba3-br100","Sandra Mera","Local Guide · 45 reseñas · 56 fotos","Hace 2 años","Quedó preciosa la remodelación que hicieron a este edificio. Me encantó conserva ese encanto clásico de 🇪🇸 Madrid…"
"https://lh3.googleusercontent.com/a-/ALV-UjXR0B9ADR8onx5_l9fG4tIjui9u08v6pWBODmzEtw55EPsNppZq=w45-h45-p-rp-mo-ba5-br100","Francisco J Olivares G","Local Guide · 232 reseñas · 75 fotos","Hace 3 años","Muy congestionado y poco control en los vagones entra mucha gente a molestar tocando música pidiendo dinero entran sin mascarillas se las quitan y los conductores casi nunca hacen nada y se hacen la vista gorda hay algunos trabajadores que si te atienden bien pero esa área de entrar gente a molestar en el metro no se debe permitir."
"https://lh3.googleusercontent.com/a-/ALV-UjVXnZCbyLk2_jH3S0dH2DQEaX3iP1lGmn8KC2RXxY4pIajkM8KHcw=w45-h45-p-rp-mo-br100","Ingrid Pérez de Salazar","9 reseñas","Hace 3 años","Me parece excelente. Rápido, limpio, siempre a la hora, grande, con buen mantenimiento, bien señalizado y comunicado"
"https://lh3.googleusercontent.com/a/ACg8ocIwGIQy6ev24P5YLX75c4kGDEV-0vo0G6jj_MZRA3dEeMB-SA=w45-h45-p-rp-mo-ba4-br100","Carlos Duque Santana","Local Guide · 153 reseñas · 58 fotos","Hace 2 años","Sitio bastante bueno y concurrido. Lo bueno es que los trenes vienen muy frecuentemente y no tienes que esperar demasiado"
"https://lh3.googleusercontent.com/a-/ALV-UjWgY0gclb4SgWHw7Mj075VrOOQQ6aVMaCZsAni5IDRD9W1Tep2VZg=w45-h45-p-rp-mo-ba6-br100","Dr. P.","Local Guide · 317 reseñas · 482 fotos","Hace 8 años","Lo más destacable es ver una de las entradas sin ningún personal en la cabina. O sobra la cabina o falta personal que la atienda."
"https://lh3.googleusercontent.com/a-/ALV-UjUv90qdw5qYHQOykqs-d4EjT56b9_u7azsNROwaBQpD8oi2dzoO=w45-h45-p-rp-mo-br100","fontanilla fontanilla","47 reseñas · 13 fotos","Hace 6 años","Tiene muchas salidas nunca sabes por donde salir. La falta de personal .Tienes q cambiar metrobus  por fallo banda magnetica y la solucion comprar otro . Me he juntado hasta con tres"
"https://lh3.googleusercontent.com/a/ACg8ocKaCP6KI2XX7ilTG0Nh3jE0gIwJ7pf2Q8aWEy-rn-viTarIag=w45-h45-p-rp-mo-br100","Eduardo","12 reseñas · 2 fotos","Hace 3 años","De los 10 del mundo pero lo de los cargadores de los móviles es una GRAN BROMA PESADA. Funciona 1 de cada 20."
"https://lh3.googleusercontent.com/a/ACg8ocJ1f0cnH55ln5vhVr0TJgBl-IsgXtQBW9VSBIFIh9RCgC9tmA=w45-h45-p-rp-mo-ba5-br100","Tito tito","Local Guide · 129 reseñas","Hace 2 años","Sinceramente mejor que los europeos que conozco, incluidos los de Alemania y Francia, el medio más rápido de transportarte por Madrid"
"https://lh3.googleusercontent.com/a/ACg8ocJgeZmcL_5HTU6WunczklboGLB_up5G10EPjLKBvhtL7O5Tyw=w45-h45-p-rp-mo-ba3-br100","ROBERTO HERNANDEZ","Local Guide · 59 reseñas · 21 fotos","Hace 5 años","Falta línea circular en periferia, más afluencia de trenes. Necesidad de apertura 24h. Los trenes bien mantenidos y modernos."
"https://lh3.googleusercontent.com/a-/ALV-UjViLnR0SG8gULRabLf3zEng5IMwSCaT33mvHaWg7QPfprao6QGW=w45-h45-p-rp-mo-ba4-br100","Monica Noguera Etxebarria","Local Guide · 125 reseñas · 66 fotos","Hace 4 años","¿Qué puedo decir de nuestro Metro de Madrid? Es moderno, limpio, rápido y te conecta a cualquier parte, inmejorable!!!"
"https://lh3.googleusercontent.com/a-/ALV-UjVVC6bjK2ItYZaVY-0ghkUf66vHMRIp2D_fp2R_I8djve0dFvg=w45-h45-p-rp-mo-ba4-br100","Izaskun Andueza","Local Guide · 70 reseñas · 159 fotos","Hace 6 años","Estaba limpio pero con la tarjeta obligatoria no se aclaraban ni los trabajadores del metro, un despropósito para ir de turismo"
"https://lh3.googleusercontent.com/a-/ALV-UjV15bxE3YL2vAwJOOPe_XyZLu7dsu0iKO2q7pyi1wg8UlvLwzxW=w45-h45-p-rp-mo-ba5-br100","Instalaciones salvador","Local Guide · 119 reseñas · 470 fotos","Hace 4 años","Que haríamos sin el.metro un buen invento para viajar rápido y barato"
"https://lh3.googleusercontent.com/a-/ALV-UjXWMnPu9MT-8rlSU2M_0dj_Fxyz9spEB9ko-aLUqQWWY6o6xe2J7A=w45-h45-p-rp-mo-ba4-br100","ana","Local Guide · 81 reseñas · 21 fotos","Hace 4 años","Estación muy limpia y bien indicada , le falta mejor acceso a persona con movilidad reducida."
"https://lh3.googleusercontent.com/a-/ALV-UjXbplZ8MuXJDc3VGNpMc2B7cdGZb5AJssXsKVZgqz4OvG1nEDMLDA=w45-h45-p-rp-mo-br100","YO YO","340 reseñas","Hace 5 años","Las líneas están bien comunicadas, fácil de entender. Servicio regular a pesar de las obras que hay en las líneas 5 y 2."
"https://lh3.googleusercontent.com/a/ACg8ocLD6sCowaxkY8GUy_3nEAkJ3O2pHkkoIj4vUA_5Ha7UQw0X7A=w45-h45-p-rp-mo-br100","Marga Marcos Pascual","109 reseñas","Hace 5 años","El Metro en Madrid es FANTASTICO. Un buen servicio d transporte para llegar a todas partes sin atascos"
"https://lh3.googleusercontent.com/a-/ALV-UjVaZYrYV2cOTFaHeuf0AhBWVu5v8VIO94mrdLvY3EjfSxoEC8nV=w45-h45-p-rp-mo-ba6-br100","jose francisco sevilla rigo","Local Guide · 680 reseñas · 2.650 fotos","Hace 2 años","Una estación dedicada a uno de los más grandes artistas españoles"
"https://lh3.googleusercontent.com/a-/ALV-UjWyNKieM5k5C-mC2jcQ4FK0YLalvwFKpCXMjD-iqXXc5l087Tt0=w45-h45-p-rp-mo-ba7-br100","Manuel Díaz","Local Guide · 914 reseñas · 3.024 fotos","Hace un año","Correspondencia de 2 líneas, y mucha salidas a varias calles"
"https://lh3.googleusercontent.com/a-/ALV-UjVwcMpO9Fmf779Zm_UADOXMbKqLYUvsxEwey8k5rmr5-KktBZHp1Q=w45-h45-p-rp-mo-ba6-br100","Jose Ignacio","Local Guide · 434 reseñas · 4.133 fotos","Hace 5 años","Una zona de primer nivel, muy recomendable, en el centro de Madrid, tanto por la variedad y calidad de sus comercios, como por los locales de ocio y gastronomía que hay en su entorno."
"https://lh3.googleusercontent.com/a/ACg8ocJJ-1UxuWBxtr4XkfeSxb0v2KAO7qwIGMXdZvz7aMQFwlo-zg=w45-h45-p-rp-mo-br100","Carlota Pajares","4 reseñas · 1 foto","Hace 3 años","Muy buenos profesionales. La atención exquisita. Otra cosa son las decisiones políticas que le afectan.."
"https://lh3.googleusercontent.com/a-/ALV-UjUaIpfbRoGoOiTPDKr1JE-wZXBdAFr04G954o70BippzCC4nseC=w45-h45-p-rp-mo-ba5-br100","Jose Gruat Amerch","Local Guide · 380 reseñas","Hace un año","Entretenida encrucijada, hay de todo, como en botica"
"https://lh3.googleusercontent.com/a-/ALV-UjV04-vhXZWfiArG044emXuDeCaH92PDez1Z04IF7R_pAXkLIPyR=w45-h45-p-rp-mo-ba5-br100","Maria Luisa Casado Lopez","Local Guide · 288 reseñas · 101 fotos","Hace 4 años","El mejor metro del mundo lo tenemos en Madrid. Por rápido, por sus instalaciones, por su extensión y su servicio en suma"
"https://lh3.googleusercontent.com/a-/ALV-UjUdGYsBpVABogc9CFceLx4OqWG8HoP7sexLOlBunm-P6n_SH9B9iw=w45-h45-p-rp-mo-ba6-br100","Julio Diarte","Local Guide · 825 reseñas · 3.509 fotos","Hace 3 años","📌 Tiene varias salidas, si uno no lee correctamente los carteles informativos podría dar vueltas.…"
"https://lh3.googleusercontent.com/a-/ALV-UjWm3xXkhg7H93idGBpeylUJaugIz0-0hyJCaIvh3ecmprGq28Y=w45-h45-p-rp-mo-ba3-br100","Susan Jimenez","Local Guide · 31 reseñas · 1 foto","Hace 2 años","El metro de Madrid no siempre vuela pero es imprescindible y en líneas generales funciona bien"
"https://lh3.googleusercontent.com/a-/ALV-UjU6tDOFeM2Ia4bD1i95lRz0NGH-ANdn6MW48aDJ8LiI17CUoE-0=w45-h45-p-rp-mo-ba7-br100","K","Local Guide · 1.250 reseñas · 2.852 fotos","Hace 2 meses","No es accesible"
"https://lh3.googleusercontent.com/a-/ALV-UjW6F5pvRC6cbfyl1UxB2sqnAA39QW4HrHUIYgdHwXz3whNXfHwbtQ=w45-h45-p-rp-mo-ba5-br100","Fernando Perez","Local Guide · 90 reseñas · 1.484 fotos","Hace 2 años","Todavía están en la remodelación de las aceras, va a quedar muy bien."
"https://lh3.googleusercontent.com/a-/ALV-UjXQolN9I4Zo_mXgkWonNFwQrf-tJFd96sBjgF-gKr3OOHRYiVEfJA=w45-h45-p-rp-mo-ba5-br100","J.C. Bello","Local Guide · 283 reseñas · 499 fotos","Hace un año","Una de las más típicas zonas de compras/restaurantes , de la capital"
"https://lh3.googleusercontent.com/a/ACg8ocKn_R8crcSlC9bwxTlUl7C--XFgC3LRxeS1VYIkEOhXk08rHw=w45-h45-p-rp-mo-ba4-br100","María Elena Terrones Arévalo","Local Guide · 35 reseñas · 74 fotos","Hace 3 años","Me encantó por qué es un lindo lugar y me gustaría que otras personas visiten y les va a encantar ."
"https://lh3.googleusercontent.com/a/ACg8ocIFQkdQziDdKiI9Y-c1yalBoUu-cIBSIk1kT1-evsy5WoCL3A=w45-h45-p-rp-mo-br100","Antonio Marquez","12 reseñas","Hace 2 años","Muy limpio y un servicio bastante rápido pasan muy seguidos los trenes"
"https://lh3.googleusercontent.com/a-/ALV-UjXTvRs31ktsmS9RHpXbQx8_2omuCcOB3aM8Lz3bPPFFF464DSVcdg=w45-h45-p-rp-mo-ba6-br100","Enrique Manuel Hidalgo","Local Guide · 366 reseñas · 3.470 fotos","Hace 3 años","Tiene cerca el corte inglés, que es una maravilla y la plaza de Felipe II es una maravilla, con el Dolme de Dalí"
"https://lh3.googleusercontent.com/a/ACg8ocI92cWSrB3Ltej7N7oXT-FOvyG5uxEEx2hJzUsrzAtYDifvYA=w45-h45-p-rp-mo-ba3-br100","Tania B C","Local Guide · 35 reseñas · 65 fotos","Hace 6 años","La forma más cómoda de moverte por Madrid. No te puedes perder la arquitectura de las estaciones antiguas"
"https://lh3.googleusercontent.com/a/ACg8ocJa9UogJqKEwWuDEcmro3vh6IlDsG-0dHzINlzfY9hqkVDCoA=w45-h45-p-rp-mo-br100","Fernando López Ramón","7 reseñas","Hace 4 años","No está adaptado a la situación actual de pandemia..con esperas que no deberían darse...sin posiblidad de distancia etc etc"
"https://lh3.googleusercontent.com/a-/ALV-UjXxmvTnPh-w3HgWRNKq_fSu2YV11220ADVyN80c-Wlwmo_w_Igd=w45-h45-p-rp-mo-ba5-br100","Correcaminos70","Local Guide · 209 reseñas · 1.624 fotos","Hace 2 años","Bonita estación de metro con decoración pictórica de nuestro querido Goya 😍…"
"https://lh3.googleusercontent.com/a-/ALV-UjXHrhHJjrNLnoX1wxK_ROcF_lvwSKqk-KYgInSnYdGcklwXFUs=w45-h45-p-rp-mo-br100","manolo cuichan","26 reseñas · 3 fotos","Hace 2 años","Dónde se puede trasladar con tranquilidad que te presta el servicio del metro"
"https://lh3.googleusercontent.com/a-/ALV-UjUE9adRdok2ci-aZz-VNbZYqlPbiQEXAXmHX-Hog0fEWzVygRzS=w45-h45-p-rp-mo-ba5-br100","Rafa Molinas","Local Guide · 259 reseñas · 214 fotos","Hace 5 años","El poco tiempo que he estado en Madrid he podido disfrutar de esta gozada de red de metro, sin duda la mejor de España."
"https://lh3.googleusercontent.com/a-/ALV-UjWgAL1C1ps0Ydyu5yHQLDBIVxHrPXJqMDZYWOomS-CcEgjhZUIcQQ=w45-h45-p-rp-mo-ba5-br100","Cvc Cvc","Local Guide · 92 reseñas · 248 fotos","Hace 2 años","Es un bario centrico de Madrid .Muy bonito.Espectacular"
"https://lh3.googleusercontent.com/a/ACg8ocITbulq6Ey_HveWPI66fBMRM_VSMEo8xRUrWa9Rx852AleEzw=w45-h45-p-rp-mo-br100","Maria Carmen Ubeda","2 reseñas","Hace 5 años","Muy mala la comida, mal servía mala caludad atención deficiente. atención en el bar, restaurante del Corte Inglés"
"https://lh3.googleusercontent.com/a-/ALV-UjXE67H0QyO7JI-HXbGnB_tbYJq8W2v288LkH4EdlxQ9XTnOdUE=w45-h45-p-rp-mo-br100","Alberto Penalva","30 reseñas · 12 fotos","Hace 3 años","...tan acogedor, tan rápido, taann profuuundo, tanto ambiente... ¡Vamos, viajes por un tubo!"
"https://lh3.googleusercontent.com/a/ACg8ocJi8YqYATrI3SQJ0M2FD8lJgS_AzQyeA2AGrid8nrf3UwASIQ=w45-h45-p-rp-mo-ba5-br100","Leonor Fernández de León","Local Guide · 156 reseñas · 54 fotos","Hace un año","Barrio en donde puedes encontrar todo tipo de tiendas"
"https://lh3.googleusercontent.com/a/ACg8ocKKccC0Ho6umqbn309rbyGCHGfv1MERZ4sYjbRro8Ih8LyE9A=w45-h45-p-rp-mo-br100","Patricia Caroline Barbosa Da Silva","5 reseñas","Hace 4 años","Llegas más rápido que en lo que buscas aparcamiento. La verdad que esta muy bien el metro de Madrid."
"https://lh3.googleusercontent.com/a-/ALV-UjUZHy669F-qmu2Bw2xMelJqmpku82vFau2KeF11qYNlQ2qoRd67=w45-h45-p-rp-mo-ba4-br100","Javier Contreras","Local Guide · 167 reseñas · 26 fotos","Hace 5 años","Un gran sistema de transporte público en Madrid, es caro pero para lo que hay, es barato."
"https://lh3.googleusercontent.com/a-/ALV-UjXpJNR51OzrcDjYj0E9Cwt3qK64MeQv28kINInYblKe2cKicQ09=w45-h45-p-rp-mo-ba5-br100","Jaime Lannes","Local Guide · 240 reseñas · 48 fotos","Hace 2 años","Estación de metro muy concurrida.Buen acceso por tres sitios."
"https://lh3.googleusercontent.com/a-/ALV-UjVWPn7FSpdA2XgCPpGUVoRptTP5Wjpcz7mpHd6UPiblPgqs_9xWwg=w45-h45-p-rp-mo-ba4-br100","joseba gomez","Local Guide · 53 reseñas · 161 fotos","Hace 5 años","Una gozada, gran transporte, limpio rápido y seguro, además es super fácil de usar"
"https://lh3.googleusercontent.com/a/ACg8ocL6j3fUjdHjzglCFPCFitAnCJ2BggebpG8jNROfZWVFbqChuA=w45-h45-p-rp-mo-ba4-br100","Rocio Rodrigo Rubio","Local Guide · 276 reseñas","Hace 6 años","Goya es una estación del servicio de metro de Madrid línea 2 y 4 al lado del parque del Retiro en Madrid España"
"https://lh3.googleusercontent.com/a-/ALV-UjVShsztYP30Tk2IDyWmps3zXepp7na0YoDqd9hp73h3GV2MCZL4=w45-h45-p-rp-mo-ba4-br100","José Leondeco","Local Guide · 91 reseñas · 134 fotos","Hace 3 años","La mejor forma de moverse por la ciudad"
"https://lh3.googleusercontent.com/a/ACg8ocK1JA87iYyo7Ga7w7NXL1Ze1ygEV_QJLJDysBHUnArJz21OEw=w45-h45-p-rp-mo-ba4-br100","Paula Rodríguez _Morán","Local Guide · 111 reseñas · 26 fotos","Hace 4 años","Muy bien cuidado y limpio, los trenes súper puntuales"
"https://lh3.googleusercontent.com/a/ACg8ocK5dxEC0qJPqCOf47oSEylrD185f50cElzV79xvshsQzqaglw=w45-h45-p-rp-mo-ba6-br100","Enrique Alonso","Local Guide · 636 reseñas · 1.129 fotos","Hace 3 años","Para moverse sin problema y rápido por la ciudad de Madrid"
"https://lh3.googleusercontent.com/a-/ALV-UjVy2X66ulbbNt38H3JcOO80sqtst_mxz9LG1MkBkC2ROCf6zFO20w=w45-h45-p-rp-mo-ba4-br100","Pilar Losa","Local Guide · 121 reseñas · 201 fotos","Hace 7 años","Es increíble que en Madrid capital y una estación como esa con tantísimo público no se vea a personal alguno ."
"https://lh3.googleusercontent.com/a/ACg8ocL5OfW7MajWYgJ3aoUuyBfmDeAZwiq99K94LFFJABn1TiSjSQ=w45-h45-p-rp-mo-ba5-br100","maribel sierra","Local Guide · 347 reseñas · 53 fotos","Hace 3 años","Me trataron fenomenal. Resolvieron mis dudas en un momento"
"https://lh3.googleusercontent.com/a-/ALV-UjUBpox1NcuGVmI-lYLC7GQLyAVj0zZQX7LSVn9OhwRs-Po8wGqH=w45-h45-p-rp-mo-ba5-br100","Ismael Alviani","Local Guide · 144 reseñas · 581 fotos","Hace 6 años","Un servicio esencial para Madrid. Lástima que los recortes han hecho que el servicio empeore cada vez más"
"https://lh3.googleusercontent.com/a/ACg8ocJOBm01AOpORYgTsZsA_tAxBN9K3IvsX4X2cqUezC6O-iSVMMKO=w45-h45-p-rp-mo-ba4-br100","El explorador Ser de luz","Local Guide · 124 reseñas · 189 fotos","Hace 4 años","Es bueno y muy Rápido, está bien adecuado, y es bonito."
"https://lh3.googleusercontent.com/a-/ALV-UjUywe-lCsedwUQI46lryeitF_ywOtUR9jmiytlCVAUDk7EteF38Sg=w45-h45-p-rp-mo-ba5-br100","Kiko Moras","Local Guide · 268 reseñas · 180 fotos","Hace 4 años","Ultimate hay menos indigentes cosa que me ofende"
"https://lh3.googleusercontent.com/a-/ALV-UjXPZw7GyBpgQA_7wS1bdp_J_WxlfT2XWORz8aDTtxmLhX6lbBU=w45-h45-p-rp-mo-ba4-br100","JOSE POMBO","Local Guide · 156 reseñas · 7 fotos","Hace 4 años","No acto para turistas sin asientos,sin baños y muy sucio..."
"https://lh3.googleusercontent.com/a-/ALV-UjXiUaFt6KeY8Gma2KVuKs5b2vjmXAyJjF8WiSjTzpaxdTeKVYc=w45-h45-p-rp-mo-ba6-br100","Mariano Enrique","Local Guide · 376 reseñas · 362 fotos","Hace 8 meses","Una estación de metro bien cuidada"
"https://lh3.googleusercontent.com/a-/ALV-UjXVr8jmp9tSwrEvvxkZIH1670v2zMlMGGvxdwP17dUDcnRLF03X=w45-h45-p-rp-mo-ba6-br100","Francisco León","Local Guide · 292 reseñas · 1 foto","Hace 11 meses","Correcta."
"https://lh3.googleusercontent.com/a/ACg8ocLZpxw76m4VveaRRSTkxy6NIPi1wPG343i7-NFLr1jQ6LQ4Rg=w45-h45-p-rp-mo-br100","Rafael Escamilla","352 reseñas · 4 fotos","Hace 5 años","De los mejores metros del mundo y conozco varios, el que se queje es de vicio, hasta el precio es bueno"
"https://lh3.googleusercontent.com/a-/ALV-UjV7z4L3U6qqFXbr2-Wy-2eICmT8XEx-eiS-6E6PadrHzgcubwtv1Q=w45-h45-p-rp-mo-ba4-br100","MAYIDI BAH AHMED","Local Guide · 86 reseñas · 1 foto","Hace un año","Calle madrileña muy famosa"
"https://lh3.googleusercontent.com/a-/ALV-UjVxw0ISnmPmRhJzuIw986LTG7WDtkkSqwdtpJfKRb52zXfoRpr9=w45-h45-p-rp-mo-ba4-br100","Mily Catalá","Local Guide · 61 reseñas · 259 fotos","Hace 5 años","Excelente transporte público, rápido, eficiente, cómodo y limpio."
"https://lh3.googleusercontent.com/a-/ALV-UjX4u9wLV5TBm1tGG3hfyvA3fjzAZS6Y_Acw0H8UroaCCs7zhuY=w45-h45-p-rp-mo-ba4-br100","Ana Diaz","Local Guide · 243 reseñas · 2 fotos","Hace 4 años","Lo mejor para moverte por Madrid"
"https://lh3.googleusercontent.com/a/ACg8ocIN-j6fMpr9wqCVu6PQm1WHOxS8Z4CvRMUyGNzbQeIUclBAvg=w45-h45-p-rp-mo-ba4-br100","Irene perez","Local Guide · 70 reseñas","Hace 5 años","Lo más eficaz para moverte por Madrid"
"https://lh3.googleusercontent.com/a-/ALV-UjURfeJI2mrl5um6F2UjKKYcZB5rzSXJBgVKRZPKBxFsgjAaKu8ikw=w45-h45-p-rp-mo-ba4-br100","Jesús Herrero","Local Guide · 310 reseñas · 88 fotos","Hace 7 años","Gran estación, con accesibilidad por ascensor."
"https://lh3.googleusercontent.com/a-/ALV-UjVJQaEXBGPO34gsV3LkX5uqigpxwooJLVTvlh-NAWpjeS5SfgP5oQ=w45-h45-p-rp-mo-br100","David Quesada","9 reseñas · 10 fotos","Hace 6 años","Por culpa de esta sociedad que es mas bien suciedad."
"https://lh3.googleusercontent.com/a-/ALV-UjVOzfECn4Ouxf0oKBgGZFCkonhYTN6ix-2nBgzYS3VvjLw7Fzc-=w45-h45-p-rp-mo-ba4-br100","Mia Rivera Rivera","Local Guide · 52 reseñas · 14 fotos","Hace 3 años","Es limpio y no tarda en llegar ...es la verdad"
"https://lh3.googleusercontent.com/a-/ALV-UjWpcTjtFcAqVI3Mybu4h-3nj8LFOtlOmqZrhhDtrzLqFUENWEUVcg=w45-h45-p-rp-mo-ba5-br100","Juanjo Castro Ríos","Local Guide · 221 reseñas · 100 fotos","Hace 4 años","Eficaz incluso con huelgas, el mejor transporte de Madrid"
"https://lh3.googleusercontent.com/a/ACg8ocKQjhGygDDpqvZ7X-85saTc4OLU0pLspNwNUcNOE_S2JyxVsg=w45-h45-p-rp-mo-ba5-br100","Antonio Baronas","Local Guide · 281 reseñas","Hace 5 años","Buen servicio puntual y razonablemente limpio."
"https://lh3.googleusercontent.com/a-/ALV-UjWccXMgvcCqyxi2a41jWN0HaHp67iA7qYk_Tu2RKhJWTNJUQuQk=w45-h45-p-rp-mo-ba6-br100","Manuel Ángel Hidalgo Martínez","Local Guide · 1.084 reseñas · 492 fotos","Hace 6 años","No son lo mejor del mundo pero está bien"
"https://lh3.googleusercontent.com/a-/ALV-UjV-9WbRi6keTsOfQ2wkVijSaRD5dHxajj96O4FJmdHCmRY5fmZp=w45-h45-p-rp-mo-br100","A A","1 reseña","Hace 5 años","Esta mal indicado los sitios donde están los productos"
"https://lh3.googleusercontent.com/a/ACg8ocJilCOP1PpmiDX1M8jBx-ckson6nxqMZsT7qKMeXaTv90IRaQ=w45-h45-p-rp-mo-ba4-br100","Noelia Gimenez Salas","Local Guide · 133 reseñas · 30 fotos","Hace 4 años","Todo muy bien organizado"
"https://lh3.googleusercontent.com/a-/ALV-UjXJduxIKxNKNdDnulXrccZHv2K0ypvWuVhaznPD_sKiiHhcoJeT=w45-h45-p-rp-mo-ba4-br100","julio de santa","Local Guide · 106 reseñas · 54 fotos","Hace 4 años","Todo bastante cuidado, los ascensores casi nunca son accesibles"
"https://lh3.googleusercontent.com/a-/ALV-UjU5-o-oFz0wQQOo9fUu_yvXWYqIVakR3C2EqWZaaSalpcXoZUHe=w45-h45-p-rp-mo-ba3-br100","Sara Casal","Local Guide · 25 reseñas · 10 fotos","Hace un año","Es una estación de metro como cualquier otra."
"https://lh3.googleusercontent.com/a/ACg8ocKyAWXLuKKCWofUXZ96VC21NANKBsXNkZGef_fu8NeGtMQChg=w45-h45-p-rp-mo-ba3-br100","Rossy Guzman Aguilera","Local Guide · 40 reseñas","Hace 3 años","El transporte público es lo mejor Cuidándose"
"https://lh3.googleusercontent.com/a-/ALV-UjXDouoJmuq9IYMaqt1n2hv50U9ZA-ZAJSu1jsO5DvEQByO1ZkoX1w=w45-h45-p-rp-mo-ba4-br100","Aldeur Diaz","Local Guide · 76 reseñas · 196 fotos","Hace 4 años","Muy bueno"
"https://lh3.googleusercontent.com/a-/ALV-UjU5rO7KZYGHAfSTvVPhDIG2NeuxJLIXXrLYo7QvcYzIu8YpmxmH=w45-h45-p-rp-mo-br100","Gladys Sanchez","11 reseñas","Hace 4 años","Fácil para entender, limpio y puntual"
"https://lh3.googleusercontent.com/a-/ALV-UjXCeEgqytXuYKltMsDgD004o2dtIR0RyOTmnP-S_hO2J9FU6FgYdg=w45-h45-p-rp-mo-ba4-br100","Oscar Sanchidrian","Local Guide · 197 reseñas · 115 fotos","Hace 5 años","La mayor aglomeración de virus y suciedad jamás vista....🖤🖤🖤…"
"https://lh3.googleusercontent.com/a-/ALV-UjVdNUB6QymTRtNDCb9iFnVGp0T0hRizanuc0KuXrdtiQZ72d-tW=w45-h45-p-rp-mo-ba4-br100","David Fraile Alonso","Local Guide · 155 reseñas · 88 fotos","Hace 2 años","La mejor manera de moverse por madrid."
"https://lh3.googleusercontent.com/a-/ALV-UjUGmMGvFs31zpu6nOchUufyaxWq-xmFued1jm8rr1qbUWJfeuk=w45-h45-p-rp-mo-ba5-br100","SS FP","Local Guide · 223 reseñas · 284 fotos","Hace 5 años","Es preferible caminar salvo trayecto s muy largos."
"https://lh3.googleusercontent.com/a-/ALV-UjX0x0BmLbP7LoaqeMG9BpMrpizCAiOH9muNgpp1te7PHgm3bSqa=w45-h45-p-rp-mo-br100","Noemí GH","218 reseñas","Hace 4 años","Pues una vergüenza la gestión del metro en la comunidad de Madrid"
"https://lh3.googleusercontent.com/a-/ALV-UjWcdqUXGNN4x5xlgDIorlJvfZ6ks1JilSaDUlp2xzbrLizCggYc=w45-h45-p-rp-mo-ba6-br100","Miguel Angel Betancourt","Local Guide · 692 reseñas · 2.146 fotos","Hace un año","Bien"
"https://lh3.googleusercontent.com/a-/ALV-UjWqlZHFmBGzydjRw5l80wbpYfVY-gIaaZHG-o_Jj0WLxxVNCtEO=w45-h45-p-rp-mo-ba6-br100","Satur Vicente Vidal","Local Guide · 164 reseñas · 2.367 fotos","Hace 5 años","Antigua pero muy bien actualizada"
"https://lh3.googleusercontent.com/a-/ALV-UjUUnX2_YwbHy2OgyyFv6-4jFu3_D84RWtcFiPOTHL8UMAvEV8sL=w45-h45-p-rp-mo-ba8-br100","David Crespo","Local Guide · 1.353 reseñas · 6.918 fotos","Hace 4 años","Una de las calles más bonitas de Madrid."
"https://lh3.googleusercontent.com/a-/ALV-UjXQhwVFgViAu53A22dUQihMkgvPzzOsDjkok7Ve8CwJu5wNqwIr-w=w45-h45-p-rp-mo-ba6-br100","Bernardo Chicharro Hernández","Local Guide · 290 reseñas · 3.819 fotos","Hace 8 años","Buena zona para ir de compras"
"https://lh3.googleusercontent.com/a-/ALV-UjXPEmec-4G1CGHb35vdFR8_5TCbehv8WBx3JTBoVw1FGJxX8wHr-Q=w45-h45-p-rp-mo-ba3-br100","Marialba Labastidas","Local Guide · 42 reseñas · 18 fotos","Hace 4 años","Un lugar que enamora por sus edificaciones"
"https://lh3.googleusercontent.com/a/ACg8ocKLYSVd_bYAgbQO-z3vmAfme1uwnpdTtSskPEuzgrgGdF1z6A=w45-h45-p-rp-mo-ba4-br100","ben zam","Local Guide · 211 reseñas · 32 fotos","Hace 5 años","El mejor del mundo, excelente señalización"
"https://lh3.googleusercontent.com/a-/ALV-UjXvv27MS1YSxopso6Eqncatzec_r46HyTrCta692k_mJ-z8_m4a=w45-h45-p-rp-mo-br100","Ana Durà","4 reseñas","Hace 3 años","No están tomando las medidas necesarias."
"https://lh3.googleusercontent.com/a-/ALV-UjUFQHw8S2Li-CCHneDhCmHG2K3CyTylyMo1AuOWiB6VaZ-R2K9NSw=w45-h45-p-rp-mo-ba8-br100","ANTONIO ORELLANA MARTIN","Local Guide · 1.777 reseñas · 9.603 fotos","Hace 4 años","Estación de metro de la linea 4 con conexión con la linea L2 del metro de Madrid"
"https://lh3.googleusercontent.com/a-/ALV-UjUAXOOBOvcWHAGmIH6htmi0wmd7iecgoIrAAQtqu56mXRRoElGm=w45-h45-p-rp-mo-ba4-br100","LORENA Y ERWING","Local Guide · 62 reseñas · 676 fotos","Hace 2 años","Encuentras de todo"
"https://lh3.googleusercontent.com/a/ACg8ocJ_6zfIAggKNslGdj_MAwX70WXGYeaoyfH_ofvJMSFahTwmFg=w45-h45-p-rp-mo-ba5-br100","Julia Lopez","Local Guide · 231 reseñas · 203 fotos","Hace 5 años","El mejor medio de transporte para desplazarme"
"https://lh3.googleusercontent.com/a/ACg8ocIhpAimCH8B1I70LenikRwF7tjsH_zC9SrMKPfBKaHZJiT2zw=w45-h45-p-rp-mo-ba4-br100","Oscar Recuero","Local Guide · 314 reseñas · 6 fotos","Hace 3 años","Uno más sin más"
"https://lh3.googleusercontent.com/a/ACg8ocLDEthTgthmrEK4w7tZ3Q3s4eaW-5K6fF6p7wQmdOSEjE_hNw=w45-h45-p-rp-mo-ba6-br100","fer fuente","Local Guide · 958 reseñas · 70 fotos","Hace 2 años","Bien"
"https://lh3.googleusercontent.com/a/ACg8ocI6nIKDsok7lF6E9I6im6i_CPeGUxLS8G7R3oAVivVkiP6rjw=w45-h45-p-rp-mo-ba4-br100","juanqui lopez","Local Guide · 141 reseñas · 5 fotos","Hace 3 años","Buen servicio"
"https://lh3.googleusercontent.com/a/ACg8ocLN9DcnaTXswBeg0szkLBZgck9U74eQAq9Bd4aNEfPaYFwLqQ=w45-h45-p-rp-mo-ba2-br100","Claudia Valdiviezo","Local Guide · 24 reseñas","Hace 4 años","Todo y lo rápido que es y ordenado"
"https://lh3.googleusercontent.com/a-/ALV-UjXxwNGwkN1f-RmB8OMoWBFKltAk-vaXBJlkYYR7HGutIynBdb9F=w45-h45-p-rp-mo-ba6-br100","Antonio Lorenzo","Local Guide · 549 reseñas · 75 fotos","Hace 4 años","Excelentes instalaciones"
"https://lh3.googleusercontent.com/a/ACg8ocIJantIn1423RmfvsDG-GdR_VT13-nIVJaUQawwnrftcCTiuA=w45-h45-p-rp-mo-ba5-br100","Bertha Suarez","Local Guide · 326 reseñas · 1.064 fotos","Hace 5 años","Lo Amo!"
"https://lh3.googleusercontent.com/a/ACg8ocKQaFepQLns2EnVUkDUA365XoL0tLob-sBsXeOmojvUwWyRfw=w45-h45-p-rp-mo-ba4-br100","John Wayne","Local Guide · 51 reseñas · 6 fotos","Hace 5 años","Muchas paradas cortadas."
"https://lh3.googleusercontent.com/a-/ALV-UjVqGnz9KsNyS7N5heG_ZuHwgYC4WLF_oQypAbal5xWhZM6Ufc7a=w45-h45-p-rp-mo-ba6-br100","julian iglesias “JULEN”","Local Guide · 630 reseñas · 4.619 fotos","Hace 5 años","De los mejores a nivel mundial."
"https://lh3.googleusercontent.com/a-/ALV-UjU21UypmpnLW2x88c2D4MOYFXruxFYXB0SSkg0U60J_6DcJi2qH=w45-h45-p-rp-mo-ba4-br100","Rubén Rumayor Sánchez","Local Guide · 135 reseñas · 122 fotos","Hace 4 años","El mejor metro del mundo!!!!"
"https://lh3.googleusercontent.com/a/ACg8ocLJN67wTpGZrKj00nXakW5RDU0NKtkF77Sxxv5dpvUTB_6D7Q=w45-h45-p-rp-mo-br100","GUILLERMO J ENCINAS","16 reseñas","Hace 3 años","Podia mejorar"
"https://lh3.googleusercontent.com/a/ACg8ocKNHe5ScD9GXDoKu3pY_xqbzgdH1Oj1o_Wxmq6tHFMtjuN_UA=w45-h45-p-rp-mo-ba3-br100","elena altieri","Local Guide · 62 reseñas","Hace 4 años","Limpio y cómodo"
"https://lh3.googleusercontent.com/a/ACg8ocIbmiT-MhvkRdcAlOfUUjmNMf_eQPjGVYmkDSSETh6h8U7qxA=w45-h45-p-rp-mo-br100","Antonio Iglesias Garcia","35 reseñas","Hace 5 años","El  mejor de Europa"
"https://lh3.googleusercontent.com/a-/ALV-UjXYbZXeDOvPBf03BVPBBtFjtiXjkUnq7sjRk0lepd6WA3wCUEghfQ=w45-h45-p-rp-mo-ba4-br100","Maximo Acuña","Local Guide · 71 reseñas · 113 fotos","Hace 4 años","El mejor servicio"
"https://lh3.googleusercontent.com/a/ACg8ocLCpw2KmrHOXt6QtakDt-7Y9cwuQMYQ6_velRhrfihJp7lr_w=w45-h45-p-rp-mo-br100","Gracia Lozano Cortes","64 reseñas · 73 fotos","Hace 4 años","Limpios y seguros"
"https://lh3.googleusercontent.com/a-/ALV-UjVCF5Gt-LvapbFFyL3zMlvw5rhownxSvbc5Lb3B75ZLkvCMjXF-Cg=w45-h45-p-rp-mo-ba4-br100","AGUSTINA GOMEZ RODRIGUEZ","Local Guide · 121 reseñas · 190 fotos","Hace 5 años","Oficinas normales"
"https://lh3.googleusercontent.com/a/ACg8ocK-tCd4JMpAm7HMbcGWUNRMh_JVBj8TrfpXubXQ8Q6QS5azsA=w45-h45-p-rp-mo-ba3-br100","Pablo romero","Local Guide · 37 reseñas · 14 fotos","Hace 5 años","Pesimo..."
"https://lh3.googleusercontent.com/a-/ALV-UjVTg_3IWAs-XTi8BFQUTshiz5aJ0Bbi8agFpWRO0p4FbvPbIJZwtQ=w45-h45-p-rp-mo-ba2-br100","Fran D MC","Local Guide · 19 reseñas · 29 fotos","Hace 3 años","Rapido"
"https://lh3.googleusercontent.com/a-/ALV-UjW6XYtF1YzhmZM61a0h5b706cxHZaL-GKeOJKo1h2RsRefBLtFF=w45-h45-p-rp-mo-ba3-br100","cassieb Bb","Local Guide · 26 reseñas · 1 foto","Hace 6 años","Bien"
"https://lh3.googleusercontent.com/a-/ALV-UjV5mBXxWjlqYj7X7ReSJv8DMqaVPVwo27skdin5Fv_h9zKs6v4g1w=w45-h45-p-rp-mo-ba5-br100","Oscar gil martinez","Local Guide · 248 reseñas · 739 fotos","Hace 2 años","Genial 👌🏼👍🏼…"
"https://lh3.googleusercontent.com/a-/ALV-UjWhF7l1k2-0stlKs7lyLJFC8BuBSFkwYHI7doJaiyTfJWw-EMY-=w45-h45-p-rp-mo-ba6-br100","jose antonio santos toledo","Local Guide · 425 reseñas · 2.625 fotos","Hace 3 años","Una estación de metro"
"https://lh3.googleusercontent.com/a/ACg8ocJ3sTs0wKqekQmjZ8gQzJg0v6En1EWj27nTRvamb6aLVdH_Mw=w45-h45-p-rp-mo-ba2-br100","eduardo andara madronero","Local Guide · 31 reseñas","Hace 4 años","👍…"
"https://lh3.googleusercontent.com/a-/ALV-UjX365C6S11vq1mdfp3rO9olG8dPuA9GLicNIBvqUCeWSj97kFozTQ=w45-h45-p-rp-mo-ba4-br100","Rafael Diaz Moreno","Local Guide · 177 reseñas · 27 fotos","Hace 6 años","La mejor estación de metro"
"https://lh3.googleusercontent.com/a-/ALV-UjUH9ZViY3jVlFOH2pu6fngQoH7-3U_7osPEWTm-J1dPMz9ck6j8QQ=w45-h45-p-rp-mo-ba5-br100","Joaquin Rodriguez","Local Guide · 364 reseñas · 743 fotos","Hace 5 años","El.mejor de Europa"
"https://lh3.googleusercontent.com/a/ACg8ocLoOQvD2euDxZ98f5ib6L5mx8Cj5oVq4dkNZ9OBNNfPLeftQg=w45-h45-p-rp-mo-ba3-br100","Joaquin Palacios","Local Guide · 88 reseñas · 3 fotos","Hace 4 años","El mejor del mundo"
"https://lh3.googleusercontent.com/a-/ALV-UjXeBH0JiuGfToCsSnn6kfB1Jawj51Kc2j71Z1D6x5mEAoecVWiXSQ=w45-h45-p-rp-mo-ba6-br100","Carlos Eduardo Reis","Local Guide · 370 reseñas · 1.123 fotos","Hace 5 años","La estación tiene acceso estratégico, excelente movilidad y brinda a los pasajeros muchos ascensores. Tiene una buena división de flujos y suele estar muy limpio. Gran punto negativo: EN LA ZONA DE ASCENSORES DE LA CALLE GOYA Y DENTRO DE LOS ASCENSORES, DESDE HACE MESES, EL OLOR A AGUAS RESIDUALES ES CASI INSOPORTABLE."
"https://lh3.googleusercontent.com/a-/ALV-UjXixa9vMNdDkBNTDW1YcLNtmbFvvwmttdINu2wpP0YL3SHycIs=w45-h45-p-rp-mo-ba5-br100","רונן כהן","Local Guide · 566 reseñas · 128 fotos","Hace un año","Accesibilidad limitada. Debería haber accesibilidad, pero es muy complicado."
"https://lh3.googleusercontent.com/a-/ALV-UjV6PJPTMLQYa4SAcrOtu4fEd49uhc8LubZbNJ8FqPUK8qviqqc=w45-h45-p-rp-mo-ba4-br100","Leslie Joseph Pattison","Local Guide · 39 reseñas · 402 fotos","Hace 6 años","Robando una expresión muy conocida: “Todos los caminos llevan a Goya”. Solía ​​vivir cerca de aquí, pero también es famoso por otras cosas 😀 Esta es una famosa zona comercial en el distrito de Salamanca, pero Madrid no tiene solo un gran lugar donde podrías perder la cabeza, tu dinero y tal vez incluso a tu esposa. ·········· Dándole un nuevo significado a “Súbete a la bicicleta”. Madrid es una ciudad turística y Madrid sabe cuidar a sus turistas. Dicho esto, estas bicicletas no son sólo para turistas. Cada Tom, Dick... lo siento, Tomás, Ricardo y Harry pueden subirse a una bicicleta (bicicleta / bici), pasear un poco y volver a dejarla en una de las 165 'estaciones de bicicletas' que hay en Madrid."
"https://lh3.googleusercontent.com/a/ACg8ocLFV8Wt1uN3gEFPK66EREWT_hNT1Xb5LtSjzZLi2ivA7UpH3Q=w45-h45-p-rp-mo-ba5-br100","khethiwe Mabhikwa","Local Guide · 88 reseñas · 779 fotos","Hace 2 años","Es una zona hermosa y encantadora. Hermosas tiendas y restaurantes alrededor."
"https://lh3.googleusercontent.com/a/ACg8ocLRADdNWijLBY6rjdfTAuPlI-cjWhQP2fwvyfrbLRAyzPt_Sw=w45-h45-p-rp-mo-ba6-br100","Martin Mayrl","Local Guide · 124 reseñas · 4.608 fotos","Hace 7 años","Genial para ir de compras, ¡pocos turistas! Aquí está El Corte, pero también muchas boutiques."
"https://lh3.googleusercontent.com/a-/ALV-UjWI9jxWTm9fpviUJMD39NHqDmzh8NGJKF9_CN8D06bWbJiIVFW5=w45-h45-p-rp-mo-ba6-br100","Bla Bla Bla","Local Guide · 336 reseñas · 1.990 fotos","Hace 6 años","Me gusta el hecho de que hay una exposición permanente de Goya en el andén de esta estación de Metro que conecta las líneas roja y marrón."
"https://lh3.googleusercontent.com/a-/ALV-UjXVmPAr6JEIe6Ff0V4kM5p04sCmbt1yTQaFsNt7IPdvbsPRZpXa=w45-h45-p-rp-mo-ba5-br100","Tony Bainbridge","Local Guide · 279 reseñas · 239 fotos","Hace 4 años","Es muy fácil orientarse. Entrena cada 4 o 5 minutos. Nada mal"
"https://lh3.googleusercontent.com/a-/ALV-UjWytJPSlBNYVpp_zIn2_VJvOGQAutBeO2rrz91CE_6msbSotKEq=w45-h45-p-rp-mo-ba2-br100","Alec Tardy","Local Guide · 16 reseñas · 9 fotos","Hace 5 años","Me encanta este metro tuve sexo en público 3 veces allí me gusta"
"https://lh3.googleusercontent.com/a-/ALV-UjUuN1tpQQXjqkwgtVVUerU321fsDijbFYGUHx1oylH9v64BAk2r=w45-h45-p-rp-mo-ba4-br100","Abdo Twist","Local Guide · 107 reseñas · 271 fotos","Hace 5 años","Esto fue al lado de la Fan Zone del Liverpool durante la final de la UCL de 2019."
"https://lh3.googleusercontent.com/a-/ALV-UjV627CazbsyHigQfGtpEF9pw5J7D767WOCKi-x81-HqhWnIJ1qq=w45-h45-p-rp-mo-ba4-br100","Quorum 1976","Local Guide · 66 reseñas · 441 fotos","Hace un año","Ambiente ocupado. Café, compras, caminar."
"https://lh3.googleusercontent.com/a-/ALV-UjVKzvtkM2hjFSpGBLjxEKpfnCRa6-1mRDr9t5q7OlmNNe6Yb7h5Lg=w45-h45-p-rp-mo-ba4-br100","Greter Amaya Valdés","Local Guide · 107 reseñas · 185 fotos","Hace un año","Muy bien"
"https://lh3.googleusercontent.com/a-/ALV-UjVZY0HoHOb7lzycQDWjKey0rY0ABGKAZdibLczqX3_UWre4TRE=w45-h45-p-rp-mo-ba7-br100","Urban Traveler","Local Guide · 2.513 reseñas · 6.646 fotos","Hace 4 años","Bonitas exhibiciones de Goya en los andenes."
"https://lh3.googleusercontent.com/a-/ALV-UjXAwYX-ZriC6dN0cy-_4lhNtEPHcnw3SedgTMFgfeMNPYSDUFDl7Q=w45-h45-p-rp-mo-ba5-br100","Harsh Dod","Local Guide · 211 reseñas · 664 fotos","Hace 3 años","¡El mejor barrio de Madrid!"
"https://lh3.googleusercontent.com/a-/ALV-UjVerbqMtqpEOJ2YFifT9NpgmqqOQGsDNyE1CL843O1oIEqs4tEHiA=w45-h45-p-rp-mo-ba7-br100","Roberto Sciarrone","Local Guide · 900 reseñas · 8.105 fotos","Hace 6 años","Estación de metro muy cómoda y funcional."
"https://lh3.googleusercontent.com/a-/ALV-UjVi15lfFAIWu6r_quhp_DIsZ7w6b-0WyRhI1R7As4a3uJv0_6-D=w45-h45-p-rp-mo-ba5-br100","arlindo magalhaes","Local Guide · 379 reseñas · 239 fotos","Hace 5 años","Funciona muy bien y muy limpio."
"https://lh3.googleusercontent.com/a-/ALV-UjUVF-Drlv1xLssIBlW8L47NTQ5RXlNF1YjZ9irxhOaU2IU4Ch4Xqw=w45-h45-p-rp-mo-ba7-br100","Ali Rami","Local Guide · 517 reseñas · 7.923 fotos","Hace 5 años","Calle con una gran selección de tiendas en Madrid."
"https://lh3.googleusercontent.com/a-/ALV-UjUn2HTcHoSqqoJbb83BP3sPIlNJlnLBvbkerd1NFtCf5Jy8E20n4Q=w45-h45-p-rp-mo-ba4-br100","Alberto Damian (MOVIL)","Local Guide · 89 reseñas · 60 fotos","Hace 7 años",""
"https://lh3.googleusercontent.com/a/ACg8ocKgPCU0nNw-sK_UzsRE8ZbJUtxceWzQ8l0bhZ27qUB7L_1Z8w=w45-h45-p-rp-mo-ba6-br100","Ulla-lena Andersson Sjölin","Local Guide · 518 reseñas · 351 fotos","Hace 5 años","Muy bonito lugar en Madrid."
"https://lh3.googleusercontent.com/a-/ALV-UjX-g37TZeHgLS6QuRNiTXNWVRwQC5QpIIuskw3eqeFKxzm_yjo=w45-h45-p-rp-mo-ba3-br100","Anouar Medhar","Local Guide · 22 reseñas · 62 fotos","Hace 4 años",""
"https://lh3.googleusercontent.com/a-/ALV-UjXoyHymwMEHyE1wo3N966B8s3B0SVpr0sJ6h91nQbyPABtUdMn2=w45-h45-p-rp-mo-br100","Adolfo Pérez Tengelmann","5 reseñas","Hace 2 años","Limpio"
"https://lh3.googleusercontent.com/a-/ALV-UjXX-0MO5emVbzl-wK7ddafJslVLEYPwotpihX-mrvwJM6q8-NWAMg=w45-h45-p-rp-mo-ba4-br100","Eduardo Alvarez","Local Guide · 77 reseñas · 93 fotos","Hace 3 años","fantástico"
"https://lh3.googleusercontent.com/a/ACg8ocKNAEPaaNWDJqUwxsWH9WyA7bJk50QMMQigOPRVB29I3yj4Rg=w45-h45-p-rp-mo-ba5-br100","Dado K","Local Guide · 99 reseñas · 584 fotos","Hace 5 años","De acuerdo"
"https://lh3.googleusercontent.com/a/ACg8ocJlSXTbjgHJFHHuD-uHse5PanWkQqk7CTGerJrxnxNlr40Jrg=w45-h45-p-rp-mo-ba4-br100","Jaspal Jassal","Local Guide · 67 reseñas","Hace 5 años","Ve! Ve! Ve"
"https://lh3.googleusercontent.com/a-/ALV-UjWj6Qohz5Pn_uR9UbZJPlDb8Y7SkjT0GX3Unr4tFwBeLOnbG7eP=w45-h45-p-rp-mo-br100","Adrián","8 reseñas","Hace 4 años","ta chuli"
"https://lh3.googleusercontent.com/a-/ALV-UjUv2_52_JwK-LzVtjMu0pLEO0K0ivHepCrUdqNmXwPz3NZ71Wty=w45-h45-p-rp-mo-ba7-br100","merleau p","Local Guide · 828 reseñas · 2.787 fotos","Hace 2 años","Estación básica"
"https://lh3.googleusercontent.com/a-/ALV-UjVXCz60iFecIuf9iAGoYlo3GYKm8Bnq8GsnnCkh2UOSjYfTLSc=w45-h45-p-rp-mo-br100","Jaideep Yadav","354 reseñas","Hace 6 años","estación de metro"
"https://lh3.googleusercontent.com/a-/ALV-UjXh-3muEwVWieYQUjCcWtB7kJS4z9zxuWtHXeEomf0r2HZxtzXQ=w45-h45-p-rp-mo-br100","chloé","52 reseñas","Hace una semana",""
"https://lh3.googleusercontent.com/a-/ALV-UjURnfJ2WStUZDXtEUhByGqVNGZybOwYPB7XR7N2iO0lD0VNrZ8veg=w45-h45-p-rp-mo-ba6-br100","BERNARDO ZANON LACALLE","Local Guide · 206 reseñas · 14 fotos","Hace 4 meses",""
"https://lh3.googleusercontent.com/a/ACg8ocLc7MILobxAoqoxcN6f8uVDYWwwQzB0YXJ7jyPQJgXbtykibA=w45-h45-p-rp-mo-ba3-br100","Olga Laso","Local Guide · 38 reseñas · 1 foto","Hace 4 meses",""
"https://lh3.googleusercontent.com/a-/ALV-UjWJw6guHQesRH8ZBwBcDT7ZWXm_apUj5Wr_PAcnjbPjvVYD6YUO4Q=w45-h45-p-rp-mo-ba5-br100","Eliachi Arts","Local Guide · 63 reseñas · 455 fotos","Hace 5 meses",""
"https://lh3.googleusercontent.com/a-/ALV-UjX7o4s0jJvWZZX1RaBk52UPyKBRUBX76iUP9PVal5WsnJPBCXy5og=w45-h45-p-rp-mo-ba5-br100","Carmen Cazan","Local Guide · 10 reseñas · 1.310 fotos","Hace 7 meses",""
"https://lh3.googleusercontent.com/a/ACg8ocLFUIIAkwQhPc-cshejqeIZbfJNQNJoBEU3aOYToMZiNqrRwg=w45-h45-p-rp-mo-ba5-br100","Victor Salvador","Local Guide · 33 reseñas · 43 fotos","Hace 8 meses",""
"https://lh3.googleusercontent.com/a/ACg8ocLpVNoROL2-2rT4BekuifspGZUrVM7SeNtEl_0AD-oCCwfctnNb=w45-h45-p-rp-mo-ba5-br100","Jang Surh Rhee","Local Guide · 242 reseñas · 569 fotos","Hace 9 meses",""
"https://lh3.googleusercontent.com/a-/ALV-UjV_IV8A6JYnLxCVBl9utybFKQjuuZEVWqA3kpIh0BOrYc3nEMNd=w45-h45-p-rp-mo-ba5-br100","Ccm61","Local Guide · 228 reseñas · 862 fotos","Hace 9 meses",""
"https://lh3.googleusercontent.com/a/ACg8ocIYLx8VZ47rP_0SJFhg3UMsgR3cr6Z-Yxq53Im65qLr_zCcnQ=w45-h45-p-rp-mo-ba2-br100","Hector Espinola","Local Guide · 8 reseñas · 2 fotos","Hace 9 meses",""
"https://lh3.googleusercontent.com/a-/ALV-UjXbswQSrQagdrQDj1p330EMAHdjsOC2Vvclkc6jYC6jLz_wA1gN=w45-h45-p-rp-mo-ba4-br100","Yurany H.","Local Guide · 2 reseñas","Hace 9 meses",""
"https://lh3.googleusercontent.com/a-/ALV-UjVdmWXwBAid06ybsVKip_nS2KGGJhGKA6fwYr2oq6HOaJ3e6fig0Q=w45-h45-p-rp-mo-ba5-br100","Gustavo Ruiz","Local Guide · 402 reseñas · 247 fotos","Hace un año",""
"https://lh3.googleusercontent.com/a-/ALV-UjWhew7dH2moazuQ41u1A2O-_9K_HQz4SwsFSTp_PYIqvyulHsY=w45-h45-p-rp-mo-ba5-br100","Alberto Fernandez Diez","Local Guide · 185 reseñas · 430 fotos","Hace un año",""
"https://lh3.googleusercontent.com/a-/ALV-UjUmtynp5iImw846xTTpPrWl_4KE-1vMXeIV42vutE_ZxzvwIjr-=w45-h45-p-rp-mo-br100","Esperanza P. P.","11 reseñas · 23 fotos","Hace un año",""
"https://lh3.googleusercontent.com/a/ACg8ocIowqYzaSj0ziIxJkyDzU2BHPqnSqks3hzZNP_1AT3B9Bjqsg=w45-h45-p-rp-mo-ba6-br100","Elena Quintana","Local Guide · 302 reseñas · 493 fotos","Hace un año",""
"https://lh3.googleusercontent.com/a-/ALV-UjV0hiT7v2YunA-1xVZd-9XDyUjWUhpb7Vm-tI7jAan8frNA_SA=w45-h45-p-rp-mo-ba5-br100","Camilo Rafael Fabra González","Local Guide · 85 reseñas · 372 fotos","Hace un año",""
"https://lh3.googleusercontent.com/a-/ALV-UjXsVUDEtqaT1s55HXhN-cg2b2Yk2HN6kYe-BVDFAx_qH4SSGEHl=w45-h45-p-rp-mo-ba5-br100","María Del Carmen Villalba González","Local Guide · 30 reseñas · 307 fotos","Hace un año",""
"https://lh3.googleusercontent.com/a-/ALV-UjVBDYTxRzXj5O9tcw9tVC0_4OC3IGCDIn5sjL0Xgaq2ZuR3PpEA=w45-h45-p-rp-mo-ba4-br100","tenerife38380","Local Guide · 97 reseñas · 145 fotos","Hace un año",""
"https://lh3.googleusercontent.com/a-/ALV-UjXR0bhws2_9ulqke_BdNir9DrwuPaJWCboNW6NlF6JGAdb3_sAC=w45-h45-p-rp-mo-ba4-br100","Sebastian Álvarez P","Local Guide · 31 reseñas · 35 fotos","Hace 2 años",""
"https://lh3.googleusercontent.com/a/ACg8ocJcdoFaaZ_gUfkJGzU13tRaYpq_LEArUMST2HJ609zZV0Xc9Q=w45-h45-p-rp-mo-ba6-br100","Ignacio Cere Cere","Local Guide · 46 reseñas · 775 fotos","Hace 2 años",""
"https://lh3.googleusercontent.com/a/ACg8ocJKXg6rLpOzPUV6sCuFX6NnLBTFIewmJRFd6CphAVcuo9Z-AQ=w45-h45-p-rp-mo-ba3-br100","Juan Miñarro Prieto","Local Guide · 53 reseñas · 30 fotos","Hace 2 años",""
"https://lh3.googleusercontent.com/a-/ALV-UjUuRVfC_czRdn-iJULrFy8WXoljpILc_LJboS39DchDiPVwE7LD=w45-h45-p-rp-mo-ba2-br100","Rafael Zurdo","Local Guide · 2 reseñas","Hace 2 años",""
"https://lh3.googleusercontent.com/a/ACg8ocJ3sGhPTZS2FIiqeYthQ18qtI4H4gq-qKsXH6_yRmr9_wIv=w45-h45-p-rp-mo-ba5-br100","Manuel Rangel Garcia","Local Guide · 149 reseñas · 86 fotos","Hace 2 años",""
"https://lh3.googleusercontent.com/a-/ALV-UjXSqJ-kJwWpxIm7yQ6aynlmSRrfIzD3mdI2xKxoerWluGK0IyZt=w45-h45-p-rp-mo-ba5-br100","Paco Rueda","Local Guide · 186 reseñas · 660 fotos","Hace 2 años",""
"https://lh3.googleusercontent.com/a-/ALV-UjVeTHWhKqZ-7PYXJ8gNxZ7DYMd1ALk287fgBcx-o36ubAOUlEfl=w45-h45-p-rp-mo-ba6-br100","Antonio Monteiro","Local Guide · 55 reseñas · 2.063 fotos","Hace 2 años",""
"https://lh3.googleusercontent.com/a/ACg8ocIRnufqVvbG4IpmNi1sxecWJeZAZfmaijr2ngSLFSdcFGfBCg=w45-h45-p-rp-mo-ba3-br100","Lola Flores","Local Guide · 5 reseñas · 24 fotos","Hace 2 años",""
"https://lh3.googleusercontent.com/a-/ALV-UjWzHQF9errahvZbchFxsXr17i1613SGNMPQKtFldL6jTrmnhd9n=w45-h45-p-rp-mo-ba4-br100","Viktor Rusak","Local Guide · 60 reseñas · 143 fotos","Hace 2 años",""
"https://lh3.googleusercontent.com/a/ACg8ocLOlLE-_-fN8qLxKEpMDnLHYfUcSLb5hxenUYnqQXvj2CHVdA=w45-h45-p-rp-mo-ba3-br100","carles luri manresa","Local Guide · 52 reseñas · 61 fotos","Hace 2 años",""
"https://lh3.googleusercontent.com/a-/ALV-UjUKg5nTREfkTA6buKBeQgYCoAv-05LcHwuJsGI0UJYAu36yGuvu=w45-h45-p-rp-mo-ba4-br100","Irene Von Nymphetamine","Local Guide · 60 reseñas · 65 fotos","Hace 2 años",""
"https://lh3.googleusercontent.com/a-/ALV-UjVy_Fa4KV0xPPXFOgUnxxcmUE6AgvEG90pktxwZzmNyVfcPayE=w45-h45-p-rp-mo-ba3-br100","Natalia Delgado Zamora","Local Guide · 33 reseñas · 36 fotos","Hace 2 años",""
"https://lh3.googleusercontent.com/a-/ALV-UjXcMCQ4QhFDCQsVGmgvuv_WwFPie_vGj1DtI9kDzykUohLfclSvxA=w45-h45-p-rp-mo-ba4-br100","Javier Romojaro","Local Guide · 63 reseñas · 1 foto","Hace 2 años",""
"https://lh3.googleusercontent.com/a-/ALV-UjVkKCWa4JpejbRKBdHzNGEG7kNtkwUseSi_s6IDUQoE72DOgfQ3EQ=w45-h45-p-rp-mo-ba5-br100","Luis Muga","Local Guide · 33 reseñas · 567 fotos","Hace 2 años",""
"https://lh3.googleusercontent.com/a/ACg8ocI6FupeM-8biyHST8nejntE4rLEG5InY10hLD1ZlV82EkRsEg=w45-h45-p-rp-mo-br100","Ro Sanchez","9 reseñas","Hace 2 años",""
"https://lh3.googleusercontent.com/a/ACg8ocKj5MLXwe98iQx2JWIKu_7TnTg2WONE5noVbe3oQIZd0n-X4w=w45-h45-p-rp-mo-br100","Alejandro Rubio","16 reseñas","Hace 2 años",""
"https://lh3.googleusercontent.com/a/ACg8ocJMeGi9NfGNG5vi0R4Xlo6Ie8c8cta2AynWr787TN4w1v02cQ=w45-h45-p-rp-mo-br100","Karelia Ferrer","3 reseñas","Hace 2 años",""
"https://lh3.googleusercontent.com/a-/ALV-UjXH_07QKOnpx23-xAbtF0CuE2A2W1v-SQWcivdcrqtoIk9J4teA=w45-h45-p-rp-mo-ba3-br100","Miranda R (Miranda)","Local Guide · 34 reseñas · 21 fotos","Hace 3 años",""
"https://lh3.googleusercontent.com/a-/ALV-UjWSJB3QOYB4Ark8JVUkkHFC5sfOiwUNAX-OgR8ordXvXvVg3xfo=w45-h45-p-rp-mo-br100","Majda El","4 reseñas","Hace 3 años",""
"https://lh3.googleusercontent.com/a/ACg8ocIfoAPUn4hRzCiPbAXKf5cGS3IQ3DM5FiQrDl1cgOweS1QzYQ=w45-h45-p-rp-mo-ba3-br100","Orlando Josue","Local Guide · 25 reseñas · 1 foto","Hace 3 años",""
"https://lh3.googleusercontent.com/a-/ALV-UjWxK4xtHrqy2NvUeZ-faYJiiHEtSWLbrmcgmGaJmTwH5XGuj9I=w45-h45-p-rp-mo-ba4-br100","María Cristina Baizan Boubeta","Local Guide · 84 reseñas · 162 fotos","Hace 3 años",""
"https://lh3.googleusercontent.com/a-/ALV-UjUYd3y6OU_BrQwsZX__PGNaTN0vzV8vbvaTsnJdKLmzTBjPeyg=w45-h45-p-rp-mo-ba3-br100","Cesar Florian","Local Guide · 1 reseña · 128 fotos","Hace 3 años",""
"https://lh3.googleusercontent.com/a-/ALV-UjWVQH4KfZrfVOUVrHtkDhxe3YvCJ2U_VqDuvkXYiVrwyY6J2eke=w45-h45-p-rp-mo-ba3-br100","Eduardo Jiménez Uriz","Local Guide · 20 reseñas","Hace 3 años",""
"https://lh3.googleusercontent.com/a/ACg8ocKE8yRChsapYyw-t-gKEs81VhunQjEd5zRLx337_DX5hEvnZA=w45-h45-p-rp-mo-br100","ANADIT Lagardere","","Hace 3 años",""
"https://lh3.googleusercontent.com/a/ACg8ocJEHj6wRz_vhmA7V3_7tqt5MV-qgCBc5X5-rNVf6r_zcnUsGMM=w45-h45-p-rp-mo-br100","jose luis gonzalez boyero","17 reseñas","Hace 3 años",""
"https://lh3.googleusercontent.com/a-/ALV-UjW8cs1KzdKU3SSP9rS9bKva-VTT1-gCvBRMWmObjW742EMWRd-B=w45-h45-p-rp-mo-ba6-br100","Marcos Cabrera Gomez","Local Guide · 732 reseñas · 1.862 fotos","Hace 3 años",""
"https://lh3.googleusercontent.com/a-/ALV-UjWXxTqCiccsu1U8mFYgYIAyURvRln-ypQgcNPhFCA4l6LpGLc_y=w45-h45-p-rp-mo-ba4-br100","Dario Mariani","Local Guide · 110 reseñas · 27 fotos","Hace 3 años",""
"https://lh3.googleusercontent.com/a/ACg8ocIyPJxmCvdQMsHWv9W-YlHyHf1qdcLjTAPx5MDui0YadPsAEQ=w45-h45-p-rp-mo-ba4-br100","Silvia de Vidania","Local Guide · 106 reseñas · 128 fotos","Hace 3 años",""
"https://lh3.googleusercontent.com/a/ACg8ocK3LDM3_s1EpeZG1cxD77BUxhRefln7XPBLh41qrJQuOb5U=w45-h45-p-rp-mo-ba4-br100","Andien W","Local Guide · 27 reseñas · 128 fotos","Hace 3 años",""
"https://lh3.googleusercontent.com/a/ACg8ocIizqm34FGSHoutGTSOkVtMq65WDWoXSmlUxC_UEiytGWb1GM4=w45-h45-p-rp-mo-ba6-br100","Adrián","Local Guide · 726 reseñas · 1.916 fotos","Hace 3 años",""
"https://lh3.googleusercontent.com/a-/ALV-UjW5I81tL1ZqEbevXiyN-fI-IRj_Tm2DzFMDcBurgKFFSMRsm6_eXg=w45-h45-p-rp-mo-ba2-br100","MARIA ROSA CORDOBA GUTIERREZ","Local Guide · 13 reseñas","Hace 3 años",""
"https://lh3.googleusercontent.com/a/ACg8ocJnK_ijipwOb_ChSPfeNX4WMTexEoN7lUg4pG62JpIFUwVJWA=w45-h45-p-rp-mo-br100","Nancy Paz","37 reseñas","Hace 3 años",""
"https://lh3.googleusercontent.com/a-/ALV-UjUPU2ZVU2Qdb2hONTY7Rd0vQIldK2_8QQQtpWO5fpOxYTPPFJmi=w45-h45-p-rp-mo-br100","Benjie Sanchez","","Hace 3 años",""
"https://lh3.googleusercontent.com/a-/ALV-UjWQjxIMLlKhboiK30lAirlIJWyJpiU5GyMojgAGhaMqTy863ph-=w45-h45-p-rp-mo-ba4-br100","jose pablos del rey Pablos","Local Guide · 137 reseñas · 437 fotos","Hace 3 años",""
"https://lh3.googleusercontent.com/a-/ALV-UjXVHDjkxCbHgAKn_e8U5A4vc2paEEnOtBpPQS1spukvAJQ3-a_i=w45-h45-p-rp-mo-ba4-br100","Alberto Manero","Local Guide · 122 reseñas · 306 fotos","Hace 3 años",""
"https://lh3.googleusercontent.com/a-/ALV-UjUsv5ybd2Ot1v0sXztXISNf9aqIz-dSjTiPK5zeeeO10KSUnjpQsg=w45-h45-p-rp-mo-ba5-br100","Fernandoo Aristiguieta","Local Guide · 135 reseñas · 1.566 fotos","Hace 3 años",""
"https://lh3.googleusercontent.com/a-/ALV-UjX2_TUZ4DkyFF-7smesajoWVLxYq_8RiOrTeIHEk_oczN9Kf-ZY=w45-h45-p-rp-mo-ba4-br100","Gromen Banks","Local Guide · 55 reseñas · 4 fotos","Hace 3 años",""
"https://lh3.googleusercontent.com/a/ACg8ocIjGUcpQz1D2K7u_tWzoRxSagZcJn_3klBuwoipjk9SGYH-9w=w45-h45-p-rp-mo-ba2-br100","Isabel Carvajal","Local Guide · 9 reseñas","Hace 3 años",""
"https://lh3.googleusercontent.com/a-/ALV-UjV52dtd3l_poywaDmdhhHDmU86HxMmQmcTSOhnNU8rwITXA5_VymA=w45-h45-p-rp-mo-ba3-br100","Francis Gomez","Local Guide · 28 reseñas · 8 fotos","Hace 3 años",""
"https://lh3.googleusercontent.com/a-/ALV-UjUdcfMLWkSpCqbQDklVFZ0BEBYgQkFx7lfpUoT_jQ2Q8sCe2Qll=w45-h45-p-rp-mo-ba2-br100","pedro marco","Local Guide · 12 reseñas · 7 fotos","Hace 3 años",""
"https://lh3.googleusercontent.com/a-/ALV-UjXCsJurxroPWJNNSdZ_sMtpelk3yD0HnhU1r05ebSnXTwr7SZcI=w45-h45-p-rp-mo-ba5-br100","Andy Di","Local Guide · 281 reseñas · 378 fotos","Hace 3 años",""
"https://lh3.googleusercontent.com/a/ACg8ocINtnT10cXkqhRSh_4tk9-zxeI6L_KA0qk-RHtBHXaufuysoA=w45-h45-p-rp-mo-ba4-br100","Cesar catena ferrer","Local Guide · 8 reseñas · 42 fotos","Hace 3 años",""
"https://lh3.googleusercontent.com/a/ACg8ocLcaPjvDMKmtT_GRAeMIibVagfAAomiNP7AVvL9tPO3QDmeAw=w45-h45-p-rp-mo-br100","Patricia Diaz Pérez","21 reseñas","Hace 3 años",""
"https://lh3.googleusercontent.com/a-/ALV-UjXADRaEjIaOlIdvdV3_vsJjfWm7IfVj3dr3c7MKgS1L8X84GtLeGQ=w45-h45-p-rp-mo-ba5-br100","Eduardo OM","Local Guide · 127 reseñas · 269 fotos","Hace 3 años",""
"https://lh3.googleusercontent.com/a/ACg8ocLsFs4UzqsvohTFfc8XtaPtAJjvH13hFOUr6pNQXnu72cyxzw=w45-h45-p-rp-mo-br100","Pilar Ortiz","14 reseñas","Hace 3 años",""
"https://lh3.googleusercontent.com/a-/ALV-UjVY8dhyibXvdYjpVxndWp9m9AiIjp7vPrro7a43fMwh9znZ8C2y5g=w45-h45-p-rp-mo-ba5-br100","Vitor Duarte","Local Guide · 177 reseñas · 1.441 fotos","Hace 3 años",""
"https://lh3.googleusercontent.com/a/ACg8ocLJYjdwWRbEkojKoMJzQ4SizO-_a9KmkWOKcAM_qkM4T33kcg=w45-h45-p-rp-mo-ba4-br100","Malgorzata Andracka","Local Guide · 78 reseñas · 17 fotos","Hace 3 años",""
"https://lh3.googleusercontent.com/a-/ALV-UjXK_Bq35GVLDFyEwazTXBa_mx-62Vn4WCejacPTDkMAQ8OwulG3-w=w45-h45-p-rp-mo-ba5-br100","MALU FARIA","Local Guide · 132 reseñas · 696 fotos","Hace 3 años",""
"https://lh3.googleusercontent.com/a-/ALV-UjWmG8uwXXF5yEm7O7vwd0LHPM6OUXiNjch8Le8aUCyaZv8vnrN6=w45-h45-p-rp-mo-br100","Miguel Perez","1 foto","Hace 3 años",""
"https://lh3.googleusercontent.com/a/ACg8ocJ22Qn8gqNUOmjjjPofgwEcbaqzTLPaT_jQG3WIhnrOODgGMg=w45-h45-p-rp-mo-br100","Victor Losada Gonzalez","5 reseñas · 63 fotos","Hace 3 años",""
"https://lh3.googleusercontent.com/a/ACg8ocI3WKScNkmNbZtG5w_tDdVyn_ay0c3pOOsA7cMIC0VdhDO9QQ=w45-h45-p-rp-mo-br100","Paloma Sanz","13 reseñas","Hace 3 años",""
"https://lh3.googleusercontent.com/a/ACg8ocLx6q6WIdCwLDLTerF8HPRES9DTzwEvnHE75uRHBBuynENiIA=w45-h45-p-rp-mo-ba3-br100","Jose Luis Aranda Jovencio","Local Guide · 57 reseñas","Hace 3 años",""
"https://lh3.googleusercontent.com/a/ACg8ocJAr2gKSB8cLc2C5XvDija0pAkiCNB9WPmdGXPWekGZmqtXeA=w45-h45-p-rp-mo-br100","Rosah","11 reseñas · 1 foto","Hace 3 años",""
"https://lh3.googleusercontent.com/a-/ALV-UjWz1QNL1dIBbhhBfySOfjEe6ROOkEyMK6komFxCxvYhFvljj6-0Uw=w45-h45-p-rp-mo-ba4-br100","Juan Carlos Santos Toledano","Local Guide · 47 reseñas · 56 fotos","Hace 3 años",""
"https://lh3.googleusercontent.com/a/ACg8ocJYHmlZfLvgBrqG-8DAeGvJUWBZoeLzfPLizG1Wqtnv2T9yyA=w45-h45-p-rp-mo-ba4-br100","Mayte Luengo Sanchez","Local Guide · 52 reseñas · 84 fotos","Hace 3 años",""
"https://lh3.googleusercontent.com/a-/ALV-UjU7NRf0U74Va9KPLqvIR2NfM0ZNsbXdsR_UCFMcCPPlCYGobmId=w45-h45-p-rp-mo-ba5-br100","Pilar Quesada","Local Guide · 61 reseñas · 116 fotos","Hace 3 años",""
"https://lh3.googleusercontent.com/a/ACg8ocLUe4vAAIeZ9uEBHc94DlaXmk5H-jxNiuFPX6SzonrXR789=w45-h45-p-rp-mo-br100","Carlos Ronco Bastida","41 reseñas","Hace 3 años",""
"https://lh3.googleusercontent.com/a-/ALV-UjUAe-pJ4mxSZlNz53QBov1Vm4E6D76-1lEloRVMIeS6N60188sX=w45-h45-p-rp-mo-br100","Bella Estrella","2 reseñas · 7 fotos","Hace 3 años",""
"https://lh3.googleusercontent.com/a-/ALV-UjVlR-a-w1No5TRdGmjgWA9HHBOpxdEqcYkpNQY0aBtFHkWEsbsu=w45-h45-p-rp-mo-ba4-br100","Enrique Pozuelo Navarrete","Local Guide · 80 reseñas · 73 fotos","Hace 4 años",""
"https://lh3.googleusercontent.com/a-/ALV-UjXUkzZN9QrrFGNfc8H5E1yo2j6YnaCg7ZoMDRij-UIBZ6VY3gOQ=w45-h45-p-rp-mo-ba3-br100","Manuel expósito","Local Guide · 49 reseñas · 59 fotos","Hace 4 años",""
"https://lh3.googleusercontent.com/a/ACg8ocIvrHlki5SlBGvfqsta9fZzTA5NpLpAHiW0ilAHWtAnBvWfqQ=w45-h45-p-rp-mo-br100","eduardo rodriguez","21 reseñas","Hace 4 años",""
"https://lh3.googleusercontent.com/a/ACg8ocLfeE7_Kc_CoUBx3Zo3JYRLW0EkavrfroL-WnfyLs9Gd4mjuA=w45-h45-p-rp-mo-br100","Diego Gutierrez Ramirez","","Hace 4 años",""
"https://lh3.googleusercontent.com/a-/ALV-UjUhEaJwDtunsMAn3p4kHwq9St05zhqtTw9eMSylNt9ksPU-wdc=w45-h45-p-rp-mo-ba5-br100","M Fernanda Orozco","Local Guide · 110 reseñas · 34 fotos","Hace 4 años",""
"https://lh3.googleusercontent.com/a-/ALV-UjVHtr_kZMJG5l-3aGLezw_akI3Qnpg5dtmVLkNOQzJbinPIJps=w45-h45-p-rp-mo-ba4-br100","Alicia Lucas Herraiz","Local Guide · 117 reseñas · 69 fotos","Hace 4 años",""
"https://lh3.googleusercontent.com/a/ACg8ocJMgwQO1l2f6jYgIJggP3DzBzClkHz7hTVE_aJHthbg6DGYYw=w45-h45-p-rp-mo-ba3-br100","luis louet","Local Guide · 1 foto","Hace 4 años",""
"https://lh3.googleusercontent.com/a-/ALV-UjWDE5Wiyqaia7I5a0ssYTh1YZfW6Td-fSljCDQlD-FezCUz94w=w45-h45-p-rp-mo-ba3-br100","CARLOS GARCIA BARCALA","Local Guide · 21 reseñas · 18 fotos","Hace 4 años",""
"https://lh3.googleusercontent.com/a/ACg8ocLRS_YXwfp4e5ZI7IzLt6KYOVkQEMtT1C7_Wmkc_Vymk8a5gA=w45-h45-p-rp-mo-br100","Carlos Mesa","12 reseñas","Hace 4 años",""
"https://lh3.googleusercontent.com/a-/ALV-UjXcioaF3QMvqlsVZ9AHNZyxuXsgZCwguOKQ4VgV3ejAGqo1X0X4YA=w45-h45-p-rp-mo-ba4-br100","Arman Harutyunyan","Local Guide · 39 reseñas · 145 fotos","Hace 4 años",""
"https://lh3.googleusercontent.com/a-/ALV-UjXEOLt5LusrPRq44l0pM0AILIySkCnBlf2D3t7jB3qiMhyymOhN=w45-h45-p-rp-mo-ba3-br100","Litha Kubrick","Local Guide · 40 reseñas · 13 fotos","Hace 4 años",""
"https://lh3.googleusercontent.com/a-/ALV-UjWRu9tci-L7UC9Lnnr8D_YRjofnlGuPH1tKPtXS97eVqKsE0Y7vnw=w45-h45-p-rp-mo-ba4-br100","Sophie Flint Vázquez","Local Guide · 10 reseñas · 387 fotos","Hace 4 años",""
"https://lh3.googleusercontent.com/a/ACg8ocKYrwq07Gm-3amNpJsYHOsZXoSVvWZItp9Otd0VI1adiAZdOg=w45-h45-p-rp-mo-ba3-br100","Juan Carlos De Andrés Tena","Local Guide · 28 reseñas","Hace 4 años",""
"https://lh3.googleusercontent.com/a/ACg8ocKWpF5ckJiedzodvJB2I-tXagmwMZWVZ0HW-6J8b9lVxz2oCA=w45-h45-p-rp-mo-br100","Gema Nuñez Carrion","21 reseñas · 1 foto","Hace 4 años",""
"https://lh3.googleusercontent.com/a/ACg8ocLxop-yHiKBr5XA3JEFDQn7yIyV-l2DJ8LJuSzEMjFXJyJzWg_H=w45-h45-p-rp-mo-br100","Smita María Zapata Gonzalo","6 reseñas · 1 foto","Hace 4 años",""
"https://lh3.googleusercontent.com/a-/ALV-UjW2wYO4pD5VLYHExf6rC1qg6ivNLB2xS9UAlbAVNrsAUQbLzz_RCA=w45-h45-p-rp-mo-ba3-br100","Silvia del Fresno Alonso","Local Guide · 52 reseñas · 1 foto","Hace 4 años",""
"https://lh3.googleusercontent.com/a/ACg8ocLSpzx3LR-CBsaKrcCWViVAQJU9r2bD-Oka4b4FiaOM5fHVpw=w45-h45-p-rp-mo-ba4-br100","Mónica Díaz","Local Guide · 24 reseñas · 17 fotos","Hace 4 años",""
"https://lh3.googleusercontent.com/a/ACg8ocJVFd33DVzSfY_INIxt6hqsZq48Yn1NpCaiioTl4v8wfWGDRMps=w45-h45-p-rp-mo-ba7-br100","José Luis González (JLG)","Local Guide · 1.490 reseñas · 990 fotos","Hace 4 años",""
"https://lh3.googleusercontent.com/a/ACg8ocIJw9D4rkgyvs-RwmxtY4tY8YizVAkvQn8XvCT0vRu0Vr4pcA4H=w45-h45-p-rp-mo-br100","Claudia Zapata","1 reseña","Hace 4 años",""
"https://lh3.googleusercontent.com/a/ACg8ocJ_FQXVIbZT-fp6iOXyk9f133ZDwRChhOdO8fL7Kuc3b0C8OQ=w45-h45-p-rp-mo-br100","Carmen Ampudia","5 reseñas","Hace 4 años",""
"https://lh3.googleusercontent.com/a-/ALV-UjWCyiwuzSDoDvGOEo2Wp3QhpGtNqykuu2huF8rF9hORZOdQnlZE-A=w45-h45-p-rp-mo-ba3-br100","Leela Turanga","Local Guide · 23 reseñas · 9 fotos","Hace 4 años",""
"https://lh3.googleusercontent.com/a-/ALV-UjW19poVLyKcyFa8JnNwL2U8VP4U1ExKanNYO5wfxyXonDAY08k=w45-h45-p-rp-mo-ba4-br100","Isabel MF","Local Guide · 47 reseñas · 32 fotos","Hace 4 años",""
"https://lh3.googleusercontent.com/a/ACg8ocJZKHr3qWSTvnqRMKeVSM6Ne8Wc4k0PtpfCK6wwrMiBTvFuYw=w45-h45-p-rp-mo-ba4-br100","Carmen García-Dotor Franco","Local Guide · 51 reseñas · 76 fotos","Hace 4 años",""
"https://lh3.googleusercontent.com/a-/ALV-UjVh9cZ6a6kFrxmUTgFphARUytwh51R1Mr31L_qJ_HbCiQaj2f61=w45-h45-p-rp-mo-br100","luis javier Sabando","2 reseñas · 4 fotos","Hace 4 años",""
"https://lh3.googleusercontent.com/a-/ALV-UjU3hnbzpOMk9TuDI3W6MOM_Ar1cAdkIPAtlQc-0xXBL0C945U8=w45-h45-p-rp-mo-br100","Son Tus Aromas Las Palmas","2 reseñas · 2 fotos","Hace 4 años",""
"https://lh3.googleusercontent.com/a/ACg8ocJVlY-Na2EX0sRO5cub57p5PesZAVJKNL0VpUBDIYXdzHfAYQ=w45-h45-p-rp-mo-ba4-br100","Arturo Ferreira","Local Guide · 105 reseñas · 113 fotos","Hace 4 años",""
"https://lh3.googleusercontent.com/a/ACg8ocJ1gS3t2yNEFML_ut8CFUFbVCfMQYvXBdOuWblBkYyUgPoW2Q=w45-h45-p-rp-mo-ba6-br100","Carmen Viejo Oblanca","Local Guide · 312 reseñas · 2.630 fotos","Hace 4 años",""
"https://lh3.googleusercontent.com/a-/ALV-UjW9oo4cu36MX0_AxgBGeUQnWG1I02UxZA9mTXflZtIjm3VwysKOtA=w45-h45-p-rp-mo-ba5-br100","Antonio Antunez","Local Guide · 103 reseñas · 777 fotos","Hace 4 años",""
"https://lh3.googleusercontent.com/a/ACg8ocJziLb5BqGL07myBv0hPYSZRaVhugXIFP-KjIJoYZPJh1-aIQ=w45-h45-p-rp-mo-br100","Javier Serrano ruiz","7 reseñas","Hace 4 años",""
"https://lh3.googleusercontent.com/a/ACg8ocKtPO4TA05ZGsVtrlpL3MlD8DT3z4VrbhlzDD8gHgDXWP1fa5E=w45-h45-p-rp-mo-br100","Gabriel Orduña","9 reseñas","Hace 4 años",""
"https://lh3.googleusercontent.com/a-/ALV-UjX1aI4qohxciQIpt8Kux6gVBnyTZo9mX4AISOOYSYpW3n9in2hFZA=w45-h45-p-rp-mo-ba3-br100","MARGA SARDANO DIAZ","Local Guide · 22 reseñas","Hace 4 años",""
"https://lh3.googleusercontent.com/a-/ALV-UjXAE_F5wBhu5GK6iym65NsDKr1O8n_ZmeYLssNfjDeNnLwBqt1l=w45-h45-p-rp-mo-ba3-br100","FRANCISCO GAMERO PEREZ","Local Guide · 33 reseñas · 19 fotos","Hace 4 años",""
"https://lh3.googleusercontent.com/a/ACg8ocJABAX4r2-pC5z_u-JWBSD6biVXXl7wtFCPFtL0k3Vbx2kI7w=w45-h45-p-rp-mo-br100","Johanna Barajas","8 reseñas · 1 foto","Hace 4 años",""
"https://lh3.googleusercontent.com/a/ACg8ocItxDmrenxr-g1162mRHTazssT8PJymy8HmV5fUxbGwqiIUNw=w45-h45-p-rp-mo-ba4-br100","David Ojeda","Local Guide · 9 reseñas · 169 fotos","Hace 4 años",""
"https://lh3.googleusercontent.com/a-/ALV-UjVRVam2eo7HsA-VMKiDM3FPOJOhCdBNEkKEfkhBx4LEkkV0hmR2=w45-h45-p-rp-mo-ba3-br100","Julia Sancho","Local Guide · 21 reseñas · 11 fotos","Hace 4 años",""
"https://lh3.googleusercontent.com/a-/ALV-UjXrANWP7OuMSvvJ2dYJ-cHef3XeyYzCvZ_QA8QTo10SQDNjS2FH=w45-h45-p-rp-mo-br100","Stefanny di lou","2 reseñas","Hace 4 años",""
"https://lh3.googleusercontent.com/a/ACg8ocJVye6TQt48jE4UToY7WxZ5XyU3wlDduFSP-zUqB3Pd7el4BQ=w45-h45-p-rp-mo-ba5-br100","Ángel Rubio","Local Guide · 131 reseñas · 596 fotos","Hace 4 años",""
"https://lh3.googleusercontent.com/a/ACg8ocIeNaYe7MOl6BDkK-DycoeSK0A5vhDI1PfCQ_QWkxq4gdB7RA=w45-h45-p-rp-mo-ba3-br100","Carmen Tejedor","Local Guide · 34 reseñas","Hace 4 años",""
"https://lh3.googleusercontent.com/a-/ALV-UjXKo_lgFJxGoPuoNV2kfWxWed1E1qw5VBTWZA0kjZA0cml7J8xcBg=w45-h45-p-rp-mo-ba3-br100","José Manuel Martínez Parrondo","Local Guide · 1 reseña · 12 fotos","Hace 4 años",""
"https://lh3.googleusercontent.com/a-/ALV-UjVt77m1ZkN1w3XGJldYjfydUCHv_UbqN7Qv2_SsNU_vg936k0QQdQ=w45-h45-p-rp-mo-ba6-br100","Paodivizz","Local Guide · 249 reseñas · 2.038 fotos","Hace 4 años",""
"https://lh3.googleusercontent.com/a-/ALV-UjVfrrcAtdMmlW8LJvtAy-NGAoaHynla1uloXdM6TqWFipHq-sQGOw=w45-h45-p-rp-mo-ba5-br100","Francisco Vega","Local Guide · 211 reseñas · 419 fotos","Hace 4 años",""
"https://lh3.googleusercontent.com/a-/ALV-UjW3fXh0DMs397jIIVmJw07bltSFrUKvY41ozXofcHpU3ytFNe2D=w45-h45-p-rp-mo-ba3-br100","Lorena Alonso Cabral","Local Guide · 2 reseñas","Hace 4 años",""
"https://lh3.googleusercontent.com/a/ACg8ocLQUbzc_mu3kAZSv7cWE4Ys3B50JaWqERBlGPSF7iYQg1aIww=w45-h45-p-rp-mo-ba4-br100","Toni Pode","Local Guide · 47 reseñas","Hace 4 años",""
"https://lh3.googleusercontent.com/a/ACg8ocIkNM8Bluq7l5D1EG9WgHHydRdBN3QLew3hMLA9n7Co3tdMFw=w45-h45-p-rp-mo-br100","Manuela Montero","2 reseñas","Hace 4 años",""
"https://lh3.googleusercontent.com/a/ACg8ocIbDl_PmZORaJj848J8cZLGWJp9EnnCBHF7zUO9DGaTGgDetg=w45-h45-p-rp-mo-ba3-br100","Belen Moral","Local Guide · 25 reseñas · 47 fotos","Hace 4 años",""
"https://lh3.googleusercontent.com/a/ACg8ocJ7vFmmrfZhAiomH0lyuEtlyczFocNdvtUR6Pr43yad4t6gJQ=w45-h45-p-rp-mo-br100","araceli beitia","15 reseñas","Hace 4 años",""
"https://lh3.googleusercontent.com/a/ACg8ocLlYgRNB-7YoekOydAXcfgEgjHGv0mOTiLmS-OwlEyx50axcw=w45-h45-p-rp-mo-ba3-br100","Laura Pedrosa","Local Guide · 20 reseñas · 3 fotos","Hace 4 años",""
"https://lh3.googleusercontent.com/a-/ALV-UjVs_A-xRGr3zJHIpNSBfsIaQVz1wyD6kNOYkjJhdg0_dIG1zGw=w45-h45-p-rp-mo-ba4-br100","Ігор Глинський","Local Guide · 38 reseñas · 159 fotos","Hace 4 años",""
"https://lh3.googleusercontent.com/a/ACg8ocIuv21IQqNaEPN3eqCPgDzdZGGPL4NBxHgF14culbcZiFoN0A=w45-h45-p-rp-mo-ba4-br100","Alberto González Salgado","Local Guide · 125 reseñas · 22 fotos","Hace 4 años",""
"https://lh3.googleusercontent.com/a/ACg8ocK1ryzjPCoCeEcJgTu9g4X7FdtVgrqFbBIiHWNnaS8dZzF2Kg=w45-h45-p-rp-mo-br100","Luis Luis","2 reseñas · 4 fotos","Hace 5 años",""
"https://lh3.googleusercontent.com/a-/ALV-UjXeMnbJ-OMtPCrhCMvcT7D4ScYVhXQTaOBzOaztIWEVsS3boF8m5A=w45-h45-p-rp-mo-ba6-br100","Ismael MATEOS GOMEZ","Local Guide · 409 reseñas · 2.259 fotos","Hace 5 años",""
"https://lh3.googleusercontent.com/a/ACg8ocIQ5d7U42ro9APjTuZcS_NXl-rwi01H35wb_Uj2FW2YzvInLA=w45-h45-p-rp-mo-br100","RAQUEL DOMINGO","74 reseñas · 9 fotos","Hace 5 años",""
"https://lh3.googleusercontent.com/a/ACg8ocIQI7k5a74dDJhY7JYmuhH2waMpYtr8d-TjhvOjhAGsVL_tCw=w45-h45-p-rp-mo-ba3-br100","del79","Local Guide · 9 reseñas","Hace 5 años",""
"https://lh3.googleusercontent.com/a-/ALV-UjU3tD9bArMGlGQzfSKNUrgAx5wp7IOunxxzWhMgbqQHLTdF8ansXw=w45-h45-p-rp-mo-ba4-br100","Marta H. Spain.","Local Guide · 58 reseñas · 34 fotos","Hace 5 años",""
"https://lh3.googleusercontent.com/a-/ALV-UjVJUmJ9ImD4aFIrIlYSIE9-34Wu9plJEp6jf-lZiCpyXGzLZbMe=w45-h45-p-rp-mo-ba5-br100","JOSE LUIS NUÑEZ","Local Guide · 39 reseñas · 99 fotos","Hace 5 años",""
"https://lh3.googleusercontent.com/a-/ALV-UjXO2WkmVn1DKUtWfS1S_vhwZ_VQBcMIfLb9OhCa5OR9NmVbFtiFoQ=w45-h45-p-rp-mo-ba3-br100","Bea Lopez","Local Guide · 7 reseñas · 2 fotos","Hace 5 años",""
"https://lh3.googleusercontent.com/a-/ALV-UjXgI6GUvfpRrAuITI0qaj1uKQDNUEn4-cGCxxZn05e-gSjdTPE=w45-h45-p-rp-mo-br100","Rafael Velasco","2 reseñas","Hace 5 años",""
"https://lh3.googleusercontent.com/a-/ALV-UjVNXqdU-tAmkjS1yMst9G6OEV3d-YzgmHQ_Xp4Lg1u0-t7ytaae=w45-h45-p-rp-mo-ba3-br100","Alyz Rojas","Local Guide · 41 reseñas · 31 fotos","Hace 5 años",""
"https://lh3.googleusercontent.com/a/ACg8ocK5Y6KWRHpQEYtQmUekNp7U5Hm0ldUvwsz3d1Tkx35VYzsEiw=w45-h45-p-rp-mo-ba3-br100","Rosa Rico","Local Guide · 8 reseñas · 3 fotos","Hace 5 años",""
"https://lh3.googleusercontent.com/a-/ALV-UjVcb-uybZ-ostbXLPR7gmpSwEUiztxwXXIALyrKtfFMx8pciS2TRw=w45-h45-p-rp-mo-br100","Miguel Angel Mendez Garcia","9 fotos","Hace 5 años",""
"https://lh3.googleusercontent.com/a/ACg8ocJwqm5R_xt52zx7-0gOUvPKPXBTDvCdKVjnA9dWZ7XaXxhvrA=w45-h45-p-rp-mo-ba3-br100","Jorge Lacalle","Local Guide · 58 reseñas · 1 foto","Hace 5 años",""
"https://lh3.googleusercontent.com/a/ACg8ocKkgrAtX-kBocGiz4vpSetJ6y2M_6h_gQsi6t-Z29LN-PbqCg=w45-h45-p-rp-mo-ba3-br100","Alberto Martín Rivera","Local Guide · 30 reseñas","Hace 5 años",""
"https://lh3.googleusercontent.com/a-/ALV-UjX1nO-9t5VajPj8P0ZrgycdDXPNQGStsQdHSNmVABY4W8MK8o7e=w45-h45-p-rp-mo-ba3-br100","Cinthya Burgos García","Local Guide · 3 reseñas","Hace 5 años",""
"https://lh3.googleusercontent.com/a-/ALV-UjXgKZgwMpzVYZY8u84rh89GKtOC8NFkfsuZ_975snk947YaoV1x=w45-h45-p-rp-mo-ba5-br100","Álvaro Rodríguez","Local Guide · 429 reseñas · 85 fotos","Hace 5 años",""
"https://lh3.googleusercontent.com/a-/ALV-UjUcFKaPT82W_GieUiJoB3ihckfhp8Fa5adABmELyIGNuydGAydLLg=w45-h45-p-rp-mo-ba6-br100","Alejandro LARENA SORIANO","Local Guide · 253 reseñas · 2.186 fotos","Hace 5 años",""
"https://lh3.googleusercontent.com/a-/ALV-UjWGPsSib1Wr6AHllsDounD09TgWuth23b9RUSroUP5wucBvVm0=w45-h45-p-rp-mo-ba3-br100","Gianluca Amico","Local Guide · 14 reseñas · 30 fotos","Hace 5 años",""
"https://lh3.googleusercontent.com/a-/ALV-UjUW2j-kHGjDRoI3WDIwzHHykj0lg4JADsUG8bArZZL0VS7J4vaGMQ=w45-h45-p-rp-mo-br100","Paulo Lessa","7 reseñas","Hace 5 años",""
"https://lh3.googleusercontent.com/a/ACg8ocJ7fsSEwsP0Pnbw5i6dKulSLCm1YHdU2k0zFqdCnY0IdI-Q9w=w45-h45-p-rp-mo-ba3-br100","Natalia","Local Guide · 62 reseñas · 1 foto","Hace 5 años",""
"https://lh3.googleusercontent.com/a-/ALV-UjXmb96bestCpjrYUyXfuQG4A9uV950BBg6s67woylvAOnQBnlAR=w45-h45-p-rp-mo-ba3-br100","Thiago Pontes","Local Guide · 6 reseñas · 11 fotos","Hace 5 años",""
"https://lh3.googleusercontent.com/a-/ALV-UjU3oi9js4Ks4CK78pB7wW_mJ0YqbvaapkhmumOeS7l8XOMOjoapqg=w45-h45-p-rp-mo-ba3-br100","Esther","Local Guide · 22 reseñas · 45 fotos","Hace 6 años",""
"https://lh3.googleusercontent.com/a/ACg8ocIpq0_6ddCXcWm6zIBVu3mudI_mNsN1r-81uhLtDnVrEkm-yQ=w45-h45-p-rp-mo-ba3-br100","Diana Naranjo","Local Guide · 69 reseñas · 31 fotos","Hace 6 años",""
"https://lh3.googleusercontent.com/a-/ALV-UjXHzec67d7LcB7cWp_4kwwZ8H4alqVYqNFkOPcdurIX0TIx8cZZiQ=w45-h45-p-rp-mo-br100","claudia villarrubia","6 reseñas · 1 foto","Hace 7 años",""